1039483698549272576
1039416122200666112
1039305993732022272
1039123747897106433
1038904881359216640
1038902364919324673
1037928479398846465
1037905285803696129
1037656156909363201
1037173724510744576
1036892715928023040
1034691296873472001
1034361341941698560
1034310270867234816
1032399901592715266
1031825236184903681
1031787469249736705
1031450765276008453
1029476202581381120
1027074533872697344
1026983861501095938
1026403105699557376
1025186093338046464
1024448599122300929
1024210304958267393
1022721470537977856
1022678461872254976
1022391484337741825
1021673590347902977
1021643361642409984
1021643276837773313
1021314732999839745
1021198606915665920
1020186631444226048
1020125368546570240
1019486435642994688
1019145742424797185
1019140396260048897
1019140267364892672
1016592069119209472
1016264707013894144
1015041345205952512
1014440831942422528
1014439615002914816
1014074123415314432
1013700805852098560
1013575249210699776
1012502665614393344
1012127186629767168
1011760228990267392
1011164846086377472
1011153925330821120
1009964262486245376
1008630732724375553
1008574469642772481
1008518691485462528
1007418882485772288
1007163479571271680
1006835340705820672
1006827547336716288
1006821135747616768
1006421075150888961
1006098717353574400
1006081264367984640
1005007128333987840
1004640285396123649
1004631863095279616
1004628965779124224
1004626542234746880
1004242115247763456
1004158477093175296
1003846609753407488
1003565340377243648
1003561998041243648
1003553224668803073
1002471164453609472
1002423827706478592
1002364603517452290
1002053198499069955
1001752970399174657
1001695066480631813
1001387674773671936
1001364827187564544
1001301940230238208
1001270944747290624
999887365882527749
999809762865823744
999587551009648640
999189831996461056
999106924900577283
998856418982703104
998853909765484544
998818761791520768
998481008059019265
997402595168665601
997327469630734336
997022239944884224
997020532481519617
996255942915207168
994803139030155264
994140417556926465
994110218211491840
993765495898714112
992930444516691968
991695018476814336
989795703286259714
989788988297768960
989753628616413184
989037794965229568
988692137108652032
988689538770874368
988659048982679552
988333821887102976
987142313053831168
986864373644738560
986142376883179521
986134627625484288
985788331794415618
985787094701428741
984703475735904256
984693740508856320
984667547210416128
983987501554642944
983639564022460416
983621004579684353
983240335059922945
981422856952336384
981323973462929408
979597781164683264
979587707897720832
978915219551367168
978807202205986816
978534593165852672
978533773628252160
978182328856993792
977820889323470848
977819222477647874
977758723920637952
977738832647929856
977732245849911297
977722315197698048
977687867731267584
977452772562841600
977086336053100545
976280735287074817
975628144777416705
974515092141125633
974209913978155009
974101567635841025
973809770548391938
973808714967912448
973808102297473024
973746262729138177
973486701317246976
973367480461639681
973132473952477184
972593449399500800
972016936346255360
971683769642926080
971308644540276737
970922595657773056
970917950831050753
970580807562682368
969414604836061185
969084430693277696
968776289812283402
968405318504869888
968345507453128705
966870694024773634
966563009941286912
966562479013687297
966558123874959360
966215776414744577
966213512010887170
965878530503421952
965878141892796416
964397511715663872
963692426744315905
963576090299019265
961214331508613120
960853783633735686
960787998672543744
959323141632794624
958629560412602368
958629089899814912
958622629186826240
958242408403124225
957784581356204033
956783503927947264
956762516889071616
956421142096396289
956107885531906048
955423554656284673
955283176036823040
955262901379465216
954181921445093376
953869646360276992
951674938607337472
949159180253855744
949078109118070784
947483921117089799
944170260931821568
943636741935702017
943031182798733313
942676017193271296
941546937672536065
941233228232376320
938999626815832064
938662548630487042
938662216068247552
938632047483949057
938328194083471361
938302499848687616
937907272381894656
937600369336520704
935795740177289216
935430084005163008
935401216963571712
935323119123701761
935298485200478208
935088129115004929
935003539868303360
934993631487844352
934967683644145664
933959855710146560
932891813630787584
932882575047004160
931438093994901504
931380249043939328
931078990671986688
931078465121542144
931074114332213248
930727202756337664
930278386651430912
928865130766417920
927811146219786240
927719006420705281
926000421415485440
926000178493976576
925702484525379584
925609852180643840
925609545044434944
925604795733262336
925255842512777216
925187840920584192
924917672239800320
923079953620410369
923079397522923521
922352586476236800
922352237065539584
922352115535638529
922351064032034818
922349980282634241
922170769794154496
922150078101405696
922144924052553729
922144301810716672
922144255287500800
922144076878643201
922143951980601345
922143880866230272
922143772045058048
922143679900291072
922143622882926594
922143537797349377
922143485754449920
922136786553282560
922129972633858050
922129880967286784
922129826437201922
922129768862007298
922129345954529280
922126665907552256
922126571455987712
922126005086568448
922125842259460096
922125757568114688
922121724094582784
922121698085715969
922120572527558657
922120522577731584
922120446534852608
922109307390279680
922109197482729474
922108987855683586
922107811923869697
922106106448457728
922105942619045889
922105381597331461
922103231680954368
922102514203246593
922102447316779008
922102349748846593
922099741323751425
922097086220320768
922096206435643392
922093893826494464
922093355084873729
922092801969418241
922091046590332928
922088458310569984
922087962925568000
922087859087134720
922087773514948610
922086520990736385
922084105247789057
922084044992528384
922082785447333889
922082087309471744
922081937249980416
922080489476784129
922080383876788224
922076630083805184
922074372193398784
922073820151681025
922073728720052225
922073625489940480
922073559211503617
922073025935060995
922072892338089985
922072548644347906
922072461377544193
922072304590270464
922072168657166336
922071679639076864
922070770443882497
922070637300006913
922070533960744961
922070438171123713
922070296185643009
922070202719670273
922070051653427200
922070008775131136
922069746442321920
922069685532639233
922069547976245248
922069464417411072
922069402954035200
922069323773911042
922069176079958019
922069083738087426
922068833183055873
922068669613555712
922068216997756928
922068144314753025
922068020997931008
922067965075324928
922067874306342913
922067775194927105
922066285470531584
922066199311036417
922066090741477376
922065898386501634
922065676272988163
922065580424814592
922065454310363136
922065395921514497
922065184721530880
922065087065612289
922064993746432005
922064727252934657
922064618410749952
922064542292512769
922064442807816194
921744056987693057
921735426808758273
921707780234342401
921577421073039360
921568666608480257
921568577362182146
921568489873096705
921568403474616320
921568310222659585
921565400273317888
921512101742395393
921362045093548033
921354711583752198
921343186475220992
921264999300866048
921230498835308544
921163608905699329
921006093983031296
920963129974038528
920898505341673473
920889822528528384
920853766357753856
920765181965119488
920628280968888326
920605053227896832
920514159372103683
920477786355068928
920455708050538497
920433806741356544
920401795016355840
920234430802796544
920228419840782338
920187712010723328
920126977591218176
920038907969863680
919881122380574720
919867951632674817
919863652152250368
919849658972696577
919818834030116865
919707579424505856
919676266483040256
919541646546497539
919504283917099008
919490006560817152
919481812686028800
919461657855672321
919390526960386048
919314392730046464
919171440984801280
919150828484624384
919134511744499712
919084559165136897
919049918672658432
918951755055906816
918803136990535680
918784931102212097
918780654535327745
918745206815518720
918726649050415105
918703098280808449
918665361049841666
918589367978942464
918439635138707456
918429211966169088
918403481848840192
918375520810569729
918340713976172544
918320492708184064
918226977923796992
918115119703265280
918077327921225730
918074333599227910
918016252517298176
918000636758601728
917978079481303040
917940594252513280
917864575021621248
917717417622507521
917691954980298752
917687182126489600
917664151706624000
917563801704136704
917542005139312640
917538823076061184
917355025948479488
917337962425155584
917305462097289216
917287697437167622
917261414993076224
917016295530303489
916996635011407873
916995093944340482
916950332827041792
916649266474508293
916608382609395712
916566247411560448
916532704476147712
916455240001495040
916295775373598720
916226642200031232
916203071868305408
916164124509216768
915903906751832064
915839384234074112
915738234654679040
915487319104167937
915145117014532096
915115058115391489
915035103163703296
914812830645473280
914794023075717120
914783638079799296
914354754607656960
914064008008818689
913985605205319681
913704181831045120
913383257961459712
913322355933323264
912601498781073408
912601377318174721
912529897951653889
912309905926668288
911410560457043969
911163168407281664
910465148241952769
910451447426277377
910070588269502464
908637049900605440
908495905107591169
908269241966534656
908255230235516928
907870756943446023
906792588115509249
906510258163421184
906328825344094211
906125246033420292
906103529026183168
904930515936985088
902479896647057408
902363923172573184
902092775683899392
901418814725804032
900949418639216640
899916406166233088
899752998879899648
898303435509948417
897217475971915776
896934204457443328
896175673437437952
895439509826949120
894835508139798529
894829251597221888
894785634623045632
894484902233595904
893042867781881856
892938166163746816
892212767142191104
889681504271441920
888294994146074624
887210993503358977
886502802586873858
885761668164141056
885692170472046593
884672583156748288
883229436631330816
882888161101086720
882887834092224512
881104107313913857
881091865260343296
880992871846891521
880986635235500033
880940522621120512
880756653900955649
880751905156116480
880751246767906818
880750824527233028
880750152562036736
880744292771282944
880697940251090944
880622435669651457
880540395632943104
880425535632846848
880425343495979010
880425228651843584
880424851307061248
880344943339782145
880337704369537024
880175744684400640
880055659848323074
880055475127042049
880055244658319360
880022896843702272
879982166972653568
879931691061596160
879871001319714816
879813862454837248
879661660746555393
879639980120735745
879639895584555008
879639836927315970
879624772119740417
879601733982314496
879600731791048705
879262299286110208
879262148744028160
879261986680299522
879261205113610240
879255992264835072
879216606420754433
878937056424087552
878936858901663744
878602507324227584
878539553480392704
878539502460952576
878539391571959808
878539245803118592
878440059279597569
878201544960757762
878200735157989377
878199791460638721
878197203063328769
878196365477543937
878195245116030976
878167120500080641
877863599128969217
877862624561569796
877803635756814336
877803284135727104
877802572261634049
877416533793751040
877096043652857857
877065999593361408
876720995049979905
876611065223684096
875622820633485315
875183154813779968
874896726263549952
874893411421126658
874822933570396160
874797552134012928
874561970480926720
874531344872751104
874454990428844032
874088408733204480
873082248844632065
872387032974147584
872002893951492096
871999995628617731
871995429482901504
870554197355225088
870546718449819648
870494807168176129
870438425115017217
870163077747974144
870037178612539393
869839150509285376
869757746882596864
869483877244387329
869483143912341504
869113535824928768
867991647597899777
867967700701663233
867956138695839746
867673986339033088
867647760463310849
867535915450683392
867269266399125504
866946375820259328
866942121223139328
866938469859315712
866563442240479234
865481254807814144
865468816884551680
865075986005504000
864772151030591488
864390537746432000
864389385004892160
864279411549327360
862950463376719872
862875672196268032
862283350421028864
861882448040214528
861881331088736256
861524069987958784
859518087397122048
858940308070965248
858579497519427584
858543526082039808
858527002738933760
858511949394358272
858491398504366080
858487602260856832
858465517002043392
858214410829012992
858167365372006401
858131001481936896
858118742223409152
857933608157200384
856798667038183424
856797579740196865
856294356847779843
855347764896518145
855341993160986624
855218949801230336
854279448622845952
854278488261509120
854221964923117568
853910260427268096
853760069321740289
852791358234345473
852788365346852865
852352363469733888
852351426567127040
852141175230345217
852083384914456577
852063702748504065
851958554177277952
851720642311344128
851720528922529792
851706945324990464
851354032488628228
850234588286734336
849605153896280065
849552308476276738
849413183395831811
849206360042381312
849206017745342469
849181180494729216
849153438831202304
848823689030139906
847709740192874497
847702966412861441
847697658898554881
847381001571401729
847315766902837249
847006951061925888
846973700289245186
846303236977934336
846302078980964353
846299782112919552
844736117156958209
844735560581210112
844470147234512896
844114728284700672
844113643528581120
842659507880706048
842239922530529280
842237047905513472
841919123542155264
841915874281959426
841585386166112257
841473772049776640
840307810046885889
840120004293013504
840118481785831426
839702574378844160
839645448075804676
839410191514779648
839049922481532928
839044844781629440
838672709001175040
838661386561474561
838624667455766528
838547079580393472
838338671065473024
838224513724641281
838222919398383616
838220194451369985
838216140916584448
838215645078540288
838208598538756096
838203650048589824
838201981864857601
838197337008676864
838195421025456129
838192762411339781
838189692864475136
838187258607869952
838163755200462848
838162895800160256
837971769147314176
837966219747581953
837960469633622018
837947074524033025
837899749365669888
837882963085778945
837875141988110336
837849000833228800
837831495897133056
837590414303506432
837585990080315392
837575055173271552
837256856435187712
836880973539258368
836841417821597697
836772944349024257
836501914372055040
836500426610507776
836491696028332034
836036402911428608
835006979126939648
835002395796987906
834322295938117633
833981741203283968
833932328783142913
833608972133281792
832511511213940736
832498067114848261
832426953822965761
832153062340861953
831794904078622721
831434426517114881
831323510781857792
831054443399372801
831012215406800899
831011761360756737
830599989625655299
829969214383362048
829840409723432960
829201538522419200
828899731501772801
828521362855653377
828394711421292544
828394067767619585
827432699333795840
826944067250450432
826698366327271424
826610059190824960
826390392174096386
824880535742750721
824818311242272768
824537987174117377
824473675655049216
824473355650621441
824416289028321280
823824205015760896
823823720300974080
822385684014972930
822340409317695488
822003912035090432
821630283397136387
821589813182812165
821511757461999616
819788582361542658
817177609821822976
816956841540259841
816920177266737152
815212932975820800
813969248074612736
813936464136286208
813643141500715009
813630328237457408
813296930457423872
813296285788667904
811846168820879361
811831755099414528
810786666839306240
809697902922637315
809696172910657537
809693395497009152
809641756476063744
809322929984970754
809304521000165376
809268777535668224
808969137716236289
808839127856623616
808613156771639296
808612069939384320
808596448711352321
808565077552992256
808528181355417600
808238609379667968
808102728547172352
807531723789471745
806703499736018944
806702096049315840
806698649056968704
806443328975712257
806421741924798464
806416896471887872
806391779822071808
806295466484764672
806070510563905536
806067144253325312
805722692510883840
805595802429030404
805566782450733056
804622385437556736
804516588057571328
804514370298396672
803880214887419904
803874602212438017
803808234813296641
803804942754381828
803790742388772864
803788405628772352
803760538329067520
803522055211663360
803520611976810496
803160185862692864
802111560181088257
802069434693074944
801676714065543168
801291753768812544
800836581774852096
799551938148888576
799546588209278978
799540316869193728
799536889955057664
799518466071883776
798806449157586944
798802580159668225
798757612170788865
798710731692601344
798432462615384064
798093717278076928
797016831974260736
796958203699310592
796266129857466368
795880505858105344
795866129285586945
795534159984762880
795435634517098496
794476001132580864
794454235769278464
793639921365884929
793627717845458944
793626176786804737
793006706586300416
793003706664964096
791931585658441728
791923682834681856
791561456441360384
791557983146680320
791499129885122560
791477514740772868
790828899391250432
790828315837804544
789029760001159169
788670908906868737
788664493949587456
788321948564533248
786859417455112192
786846368543322112
786122245064183808
786108451248308224
785789919121649664
784311799101345792
784304984728887297
784257392791789568
783579198690426880
783574059061682176
783251187227254784
783225851676471296
783139378864398336
783104479700713472
781787306239766528
781783062271053826
781782366767374340
781648243805462528
781647766514569216
781037198602821632
780922771337469952
780922101721030656
780676215556280321
780669560693231617
780598676078985217
780363166198984704
780359990628356096
780306917033775104
778531188587626500
778416741126840322
776717357423013889
775636077348478977
775627935386513409
775568885244235776
774135108357857280
774065258277146624
774043637134962688
773094623598174209
773069840940568576
771223014234959872
771217847259312128
770916972519264256
768245760697602049
766091739396308992
764011263315763201
763288789259202560
762882488809041920
761084487220408321
760724827485405189
760350497068818432
759976543959457796
758917804821065728
758566436994330624
757823449221914624
756416969293778944
756404954525343745
755704471229837312
755300477403750400
753880408266125312
753539950033809411
752684567090245632
752424040808247296
752335756857716736
752311322805608448
752311229524217856
752311045910241284
752310667764310016
752161049571237890
752155454638219265
752127220785684481
752124993564053505
752120444287741953
752101391913459715
752101313748488192
752101137700892672
752101048118939653
752100942791618560
752100864236539908
752100750583484416
752100547323277313
752100399499190272
752100282314608641
752100191897997312
752099959030181888
752099403356254208
751791388912603136
751790522117726208
751763174567718912
751762525822169088
751718936148783104
751717710900310016
751681629861457921
751677992712024064
751639941910634499
751631400596480000
751628824488488960
751571663234281472
751425824373379072
751391509987995648
751384311861874688
751379981016502272
751334095376920576
751302418030145536
751285488330256384
751258012644282368
751253880495755264
751191650018267136
751041473852739585
751037011448897536
751027165668347904
751027078099709952
751009630642249728
750986374635859968
750868782575345664
750829065460862976
750828827643748353
750671111260516353
750651678773293060
750626618201116674
750603739782787072
750529715895570432
750520666848321536
750329523606949888
750306393400352768
750295655822741504
750235492482883584
750173273497882624
750171862043242496
750145518550937600
750127107171233793
750114803427844096
749946290922856448
749932811268665345
749931337935491076
749908610772119552
749892181272305665
749855146037817344
749747663537475584
749573244768821248
749564968459071488
749535552580382720
749212544636628992
749208677094035456
749174505679966208
749159222747623424
749102197003005956
749077022735904769
749072612425248768
749043934026801153
749028316552716288
748856067921096704
748851346539814912
748791368114245632
748684275470307328
748654767065300992
748506475710939137
748490573611339776
748487534884306946
748465038835453953
748457229955760128
748374981957001219
748321444484902912
748111218334908416
748103460273295360
748102957778886656
748095510787948544
748010047725154304
747996588849586177
747931439174287360
747763874653437952
747737159738732544
747714897639768064
747714895773302784
747686966339198976
747680894211751936
747630213253599232
747568691307511808
747426961853538306
747397554304802819
747392923822501894
747360604394905600
747330250665660416
747283798488821761
747204697174351873
747052918163963908
747020647549702146
746903399573032962
746856293638381568
746700163742261248
746691472661970945
746688248689287168
746681303634849792
746679443540762630
746636692371578880
746547848703991808
746476812759293952
746361221184552960
746323955556900865
746322955039211520
746320477430263809
746304139957702657
746275908852408320
746184415416586240
746118376569737216
745976524466094080
745944767847006208
745940651070656517
745905864691879936
745588475294978052
745578437486608384
745545754270302208
745531811514613762
745499684932751360
745485730898550784
745470356664705024
745461006185332736
745444377934258177
745402954971111426
745228135298301952
745207374437199873
745199836459241472
745107264869044224
745055776801067009
744820528356044801
744692350547431424
744516193126490112
744510186690220033
744496313878745089
744489411602087936
744477384439562241
744456352240545793
744423159651172352
744364889209110528
744329430739259393
744082196957298688
744063081240760320
744006852124413952
743958890174251009
743764883653595136
743760111273836545
743646569681948672
743421664529047552
743374551938064384
743362020414631936
743043828026736641
742662317217718272
742654035430232064
742321247216762880
742309420806217729
742307144742010880
742294788116905986
742277141761396736
741903770515177472
741796918976610304
741573259938783232
741562188481978368
741429474424684544
741229492404817920
741224662613528576
741224400800780288
741213239678107648
741211394557628416
741174376297467905
740855529715572737
740824272583729152
740805401936039937
740496043293310977
740472799337287680
740129886405165057
740123437948014592
740123437012635648
740117377501691904
739734202208256002
739715930272325633
738192594836983808
737984265149763584
737598450586374144
737587797041635329
737582083187478529
737582082155675648
736152735628689409
736144818384969730
736144817629990913
736144816807936000
735714850718945281
735328698816188416
735016818318794753
735016817467396097
734708460034478081
734683382001475584
734672713332097024
733601501751300097
732464904792199168
732461805545525248
732081684896579584
732080749378080768
731039058055462914
731022341770121216
730956186070044673
730573469012746240
730373532887089152
730235099589926912
729995007843667969
729946959901921280
729862878279274498
729516365908828160
727153927121031168
726353932457381888
725274276404695040
725257361544241152
724915224634122240
724915222650179584
724899240770674688
724783862023360512
724534591462076416
724530771952721921
724530770895753216
723441629894303745
723038306091462657
723038305281953792
722315480304734208
722315479541415936
722315478702555137
722313849018318848
721973206513364992
721919481396596736
721314348304498688
721313128034603008
721301013542514689
721145606773669888
721140690852315137
720863340113715200
720847139694247936
720842099973693441
720814963074269184
720814962239606784
720814960893296640
720814960096317440
720814958850617344
720808649505906688
720797217842266112
720747642804830208
720641508618018816
720621374809645057
720537566185963520
720241279158722561
720229964818178049
720128135791013888
720127028226310144
720020784375144448
719868766788583424
719833219433017345
719830509035999232
719767342083756032
719735287216144384
719659359026831360
719450245436825600
719448836398166016
719439857886453761
718314009347366913
718252310846185472
717674655553683457
717271907066839040
717188744831307777
717183436172034048
716916570576924672
716901654688215040
716892710699794432
715858504108548096
715847053100900352
715847051116953600
715847049762234368
715820107587588096
715741872749023234
715358477216915456
714996185593806848
714762205380616196
714750200036921345
714746607460302848
714636748966338560
714392885781618688
714355031701528576
713328052680327169
713327305066582016
713288895840911360
713247592058982400
712936578251776000
712869552351264768
712557380051951616
712557379238252544
712524191514423298
712232648916086784
712229405691551744
712208736438210561
712171901133565952
712160457008623616
712160456043929600
710753906117124096
710753905190121476
710341331973906432
710338702824714240
710338700966670336
710054584832512000
709673604477157376
709590067732283392
709576474529935361
709232433569210368
708911743301328896
708848393569697794
708843505729146881
708840438463991808
708838095857123328
708832500307533826
708831035530674176
708830076960247808
708825794219364352
708803329715937280
708794316328599552
708608521110048768
708540835017547776
708516260904964096
708506101088583680
708490963031724033
708458455258914817
708454279497916416
708232911456063488
708189493786902528
708174098161995778
708136304437891072
708122127296110592
708061245589426176
707960372301471744
707842758698860544
707744766956408832
707141614540431360
707140594347483137
707092661472079872
707072823429189632
707042202094940160
705700526134943744
705694028763824130
705653573976068098
705585335791583233
704901978497925125
704901976522412033
704842743734992896
704588303425622016
704533838345560064
704524615112986624
704494730718027776
704146211603763201
703085364227866625
702047976949096448
701957249132994560
701943684757999616
701943683663339520
701704399853211649
700570372677046272
699488168052035584
699407230534160384
699176465573613568
699057643998973952
699055933213650944
698052583911337984
697009563661275136
696957139399495680
696947799859077120
696888441615699968
696880184188735488
696607312677474305
696606004109127680
696605102975488000
696524428922867712
696520740418420736
696520739550154752
695511308704190464
695505069819559936
695164130441867264
695097579780993024
695080415703363584
694394982329765889
694344889983639553
694336161406275584
694317745509249024
694317009685721089
694068199961206784
693028444746059776
693003931333586945
693003929060253697
692997103149289476
692961288624930817
692904059829768192
692692983347449856
692645186795544577
692645185189081088
692523939868860417
692290228887904256
691910209724403712
691899548986392576
691898400887967744
691848617745866753
691810297682726913
691562463330832384
691444359791669248
690476574567698432
690467662149718016
690467661101297667
690467659092127744
690467657926094848
690465219093598208
690464116608229377
690403768626712576
690362154499887105
690105557815005185
690099918225195009
689721076293611520
689704720240250880
689334226156535809
689277139183521792
689269723565928448
688998929241739264
688998149168349184
687916419904749568
687880665912578048
687582948153884672
687578990240903169
687118843467005952
686820036321775616
685395550942793734
685378150012813312
685352769398546432
684996308663336965
684688825336004608
684688824631361536
684682872347754496
684621677221683201
684621676286349312
684276483003514880
684276481778827265
684276480944123904
684276480197570561
682595799889539073
682595797771366401
682584226093527040
682580410102984704
680320903427690497
680306954472796161
680306953235480576
680235499378704384
679268338954973184
679249788114628608
678902492206247936
678875957202030592
678758374129840128
678749879984775168
678748917673017345
677421193075425280
677323722915643392
677073005470605312
677050914448912385
677050913362612225
677049440956366848
676685064302759936
676674790539718656
676626067591794688
676268330412544000
676239850320736256
675256902909956096
675255023404732416
675249886707785728
675209102524604416
673808228421992448
673792376167501825
673741671922667522
673737332277641216
673699504894291969
672681132823973888
671696579737157632
671627483695808512
671540186782654465
671194007595311104
671191050422235136
670914816966430720
670908109271883776
670851053491871744
670839562067836928
670836664319643648
670833621842857985
670819267630116865
670806467834810368
670797812628480000
670167362025328640
670161503941607424
670132450463383553
670127279733800960
670117245020823552
669713746198065152
669396641800130560
669102987025911810
669083801591525376
667614202442309633
667245227623579648
666848837512773632
666198699555422212
665561517249531904
665548351018897412
665104126670340096
665057398181208064
665050175841308672
665039553212780544
664367434392952832
664357749736669184
664271088319266816
664268455453941760
663969153552789505
663709546511101952
663709545651265536
663657672504307712
663636176230748160
661132898301415424
660594748009246721
659986187210244096
659651323722248192
659646424779329537
658917370191220737
658907505368567808
658898485387784192
658575465574088704
657373938922614784
657368479301963776
657123272958455808
656793070088773633
656770677148508160
656334813423497216
656328778579210244
656048059885842432
654943244623544320
654610636869992448
654610635536273408
654156061562146816
654146381699878914
653855378220847104
653825938916945920
651657782232379392
651655586853969920
651216299809308673
649881080896450560
649525311978127364
649505395619180545
649139811148652544
649137985489768452
648808580980731905
648689622805929985
648429798268624896
647321278488014848
646994864731631616
646976207817281536
646888575410114561
646877180320874501
644937212098838529
644931665001754625
644862657909014528
644797498150621184
644350243165745153
644329431041871873
644095900852183040
643687192003383296
643642172177121281
643617446335647745
643320099835789312
643315909038178304
642267294928781312
642232142060126208
642232141363810304
642215019451518977
642151991859277825
641915496472801280
641440380144119809
641164431401947136
641075122497961984
641051275749036032
640843029230710785
640807778823442432
640774386799144961
640772868985323520
640723396460851200
639695828819443712
639695828072861696
639618258774028288
639252257880473600
639251208054530048
638977302223675392
638630916890365952
638571413037707264
638532558246952960
638526050197114881
638268701486137344
637195891795820544
637178971868655617
637161907107946497
637145487997440000
637144724759949313
637136129204944896
636370455490748416
636053032048848896
636003449360900097
635990272904572928
635712214675001345
635654972269465604
634632181210460160
634632180375785472
634546069003702273
634164082799603712
633833343629422597
633818237046685700
633578701729349632
633192206166155264
632209872566652928
632209871320969216
630582881295806464
629606718939336704
629563524793004032
629518218147684352
629176062824439808
628504747520208896
628503233154142208
628502384227053568
628500837627772929
628498963436576768
628497824339111936
628495325574008832
628391215747067904
628138847134613505
628118807454683136
628117455198490624
628106806145855489
628098740209844224
627836604598452224
627048120006766592
627030072361222144
626668819763695621
626648134370721792
626638218960719872
626569645512790016
626309336176832512
626307936743088128
626278943272730626
625959378382798848
625944589195571200
625897648118063104
625861777411084289
625632502430871553
625625472353726464
625515246279528448
624475419958349825
624475419060756480
624472673020567552
624453714007330817
624452301223137280
624086978376536064
623779867486584832
623777319568568322
623746646384361472
623744571739013121
623404705952075777
623362138103386112
621968376894586880
621960741403258880
621960740585345024
621614262872444928
621614261802905600
621230235330064388
621224673171210240
621209065029439488
621205789869379585
621120515650916352
620873725567569921
620873724703584256
620870947956920320
620782300008058880
620569909529939968
620565703976861697
620563942415269888
620521200951820288
620520727943327744
620520043894300672
619754872632557568
619471739764932608
619471192924131328
619470981661265920
619438951145738240
619438949212098560
619396615518879744
619106732267061248
619106467207970816
619100571522330626
619082874050863104
619080787099410432
619060357496094723
618757607629520900
618754557015797761
618754337074888704
618753647397081089
618657231664361472
618410738420330496
618407872758611968
618407715799326720
618316296107601920
618309748673253376
618305370612576256
618254690749288448
618236024435511296
618044876412694528
618044748310298625
618043589356969984
617998753836896256
617990189101662208
617961943500849152
617959729537482752
616915112952098816
616901520932470784
616894588398120960
616883310581542912
616868755545567233
616532025420349440
616507449931993088
616177150115229696
616050606688485377
615708632831803392
615705985609416704
615404458541867009
615356484843540480
614334841484513280
614283491224608768
613978388278042624
613901743840079872
613599505536028676
613599504609075200
613570322114031616
613260203102896128
613220762317500416
613208511581818880
612962425902530560
612930878184894464
612898870469660672
612892376755875841
612891509797421056
611842581245198336
611787990667427842
611786995673600005
611784245623681024
611784244570931200
611465384852520961
611380080640528384
611341187337682944
611103009876000769
611103007602688000
611082481320595457
611076465950507009
610981800656130048
610696843832393728
610683424873975808
610683423980519425
610681405715017728
610672762810576896
610672761707433985
610672760931553280
610672760197517313
610359551951437824
610359199327883264
610347704389009408
610271412641619969
609277341546647553
609277340602908673
609272597784604672
609175561278091264
608831382630977536
608808383618011137
608806664423129088
608564787010637827
608501121213042689
608219134690615296
608219132408963073
608219131423264769
608219130349559808
608219129426763776
608200860024176641
608191278480654338
607853334628696064
607829093770403840
607813148209324033
607810305796669440
607795321809207296
606754941382762496
606754940132810752
606754317878435840
606659741574496257
606634743875014656
606633636884942850
606402253327458304
606382819049242624
606028521530458112
606008386254196736
606001834457628672
605992211071705089
605636881057873920
605598409517449216
605573090257465345
605546612350283776
605545051746222080
605311185924128768
605253525979807744
605220313186451457
605030217128624128
604166809072238592
604129605478277121
603870819534536704
603870817529700354
603867541841186817
603741554587631616
603736510882525184
603488080889151489
603485962472005632
603482906648977408
603440982047133696
603419237344940033
603147425218363392
603134105832693760
603057852186435584
602858599199559680
602807743490052096
602754335731122176
602747490501206017
602740443558727680
602739647131750400
602640742691905537
601687335034429440
601659965711847424
601659961593073664
601331276151296000
601311283502133248
601306316695412736
601260134849851392
600945697165193216
600919354775973888
600913607040217088
600849638938185728
600575107451334656
600574330175561729
600560103188664322
600517831696912384
600517830845472769
600487737708253184
600251831382446080
600207773113004032
599166788908163072
599166786118950912
599157583346159616
599111216926076929
599055734735667200
599028474746023937
599027912164020224
599025759571746816
598775788754743298
598775198062542848
598429705197367296
598413934333296640
598412601014423552
598370569881460737
598313185880383488
598065808913276928
598056322811101184
598055166613393409
598047333666791424
598046722657423360
598045122282946561
597966885267734529
597679556036820992
597670598769123328
597665704347717632
597665234422079489
597664610963992576
597585921920270336
596602725153906688
596554425017061376
594518795097505793
594517667337228288
594076073668706305
594074862106255360
593714020575641600
592991605574893569
592963957192667136
592955776542580736
592954616234532864
592851973805838336
592844321096912898
592626279054053376
592564051512668160
592560139430854657
592556883694657536
591541485754982401
591498228408844289
591473516777582592
590785921814962176
590678489059188737
590404336020160513
590396566726316032
590341503920115712
590325879340867584
590091332506374144
590076277891039232
590061806174875648
590060363271417856
590042806015504384
588990316570509312
588897408727130112
588228030277013504
588157680646258688
587893196610412544
587891206098563072
587865741950521344
587816680245473283
587806150445281280
587547298218971137
587543465103200256
587525890189332481
587482626073591808
587481454466113536
586407226413166592
586097314579611649
585673663082536961
585611945035898881
585382309475459073
585375484176797696
585359797697978369
585348693202640897
585007647520264192
584982482300178434
584971001542213633
584957560517632001
583904332212408320
583884208377954304
583148956147798016
582817574984912896
582815172701470721
582813346736386050
582794239949430784
582784084033732608
582731044631117824
582482427961999360
582472551131033600
582417074087067648
582416006053650432
581364339677908992
581346548086239232
581345350805372929
581320723953676288
581247569898156032
581049728734863360
580949650414288898
580599210921332737
580566683628208128
580560452444360704
580537738606338049
580299423244128256
580284363905966080
580283402194038785
580206729767452673
580203552154341376
579872067190792192
579869339899166720
578849497381371904
578829051999096832
578828045848424449
578805111427739648
578495334034186240
578493681763663872
578463437426049024
578124428933918721
578123996199186432
578121207934926848
578120347758690304
578006056724393984
577772345424646144
577770659465465856
577768896649822208
577744871844241409
577725606189613056
577367737153912833
577366529815113728
577364847345586176
576322433424039937
576286974446739456
576286076945371136
576265432228741120
576242585015951362
576213840657920001
575937965773324289
575936417685098497
575593940163809280
575592887397715968
575592103251607553
575591126482206721
575493923243589632
575447135132372994
575446692985577472
575446692280971264
575212813511102464
575209675471257600
575208214968451072
575168748606222336
575151157749772288
574748891783942145
574505480606720000
574505479780458497
574459863834628096
574459637224763392
574409640781307905
574405538181554177
574405163663802368
574397207366893570
574391789483786240
574391060333338624
574386034307297281
574383867924078592
574378998710427650
574375587222966274
574373162676158464
574370916005605376
574361998072266753
574349908758528002
574088327621541888
574085850897641472
573763004631646208
573736976479690752
573725495876935680
573413614700253184
573074694573699072
573061802734460929
573054928551215104
573052581515149314
573029531285499905
573017130787991552
572971763446898688
572952837539274752
572695559569461249
572693438828695552
572690848946647040
572672188601389056
572669876147339265
572633725025984512
572604621966864385
572583108714733568
572575777151008768
572348920598142976
572347424385073153
572345942801698817
572345097657823232
572289835886493696
571236474177220608
571230044791525376
571229088561516544
570861477839515648
570857822126080000
570512602255597568
570511959574970368
570488406548938753
570152269762539520
570143113097801728
570037743662706688
570030742434029569
570028353538777088
569778856162275328
568698726253862912
568697107395137538
568642341013041152
568635304845774848
568027118166081536
568003710397202433
567989092681523201
567975142271234048
567959375161085952
567956688709361664
567955777446547456
567943409928794113
567929283919753216
567899102085644289
567872192911781888
567855414752120832
567835002139848704
567643116006416386
567605700893749248
567602891486019584
567571119423488000
567518358266847233
567497894811283458
567497844387348481
567497735872331776
567497669438738433
567273926351265792
567270486850019328
567268515187412992
567238217817026560
567216078367911936
567213629494149120
566111337906831360
565812316168404992
565812315463761920
565812314801057793
565812314129985536
565799047944863744
565794235580809216
565794234481901569
565671140153368576
565077510115688450
565021842100850688
564984131050684416
564979230937600000
564726736047198209
564725663483965441
564714360669347840
564708933323878400
564606787580485632
563591407575658496
563586374494720000
563586373685243906
563582890110226433
563200420965658627
562906577729249281
562805161626972160
562575540251418624
562575330477498369
562473919232212995
562436685645242368
562178647629385729
562162701216923650
562160258798202881
562126970792579072
562066857239121920
561088789850759169
561038497151086592
560353970598600704
559948503401504769
559948502705250305
559880053467529217
559867784708890624
559669631925768192
559658138974973953
559640214038011904
559640213123633152
559633128809967617
559529595204931584
559521658168303617
558570047514214400
558087226715013120
558087225259593728
558076373823389697
557809612037320704
557760651087872001
557474675882594305
557450443446423552
557393244338675712
557357068332457986
557356074269814784
557092049363533825
556993376579366913
556026678321770496
555988607584833538
555987348219908096
555912782458007554
555612212794908672
554900449858289666
553488017445253120
553477541088858112
553470216298975233
553450584171241473
553450583470776323
552418037190914048
552408506100633601
552290407514906625
550307670532829184
549803454986588160
549795845097283585
548761946040713216
548731877381517313
548726002390544384
548416323110174722
547947731646283777
547682107611283456
547616431802552320
545886057183465473
545882325414727680
544779590342680577
544422848953974784
544414237032853504
544414236374339585
544368008349483008
544367591813156864
544300456101412865
544171167959883777
544161138988953600
544150183697604608
544147929833803777
544143641195720704
544143262693335041
544141750424461314
544139733605965825
544139246391410688
544138807159713792
544138613848432641
544136795567321088
544135346577891328
544135286301552641
544125732494909440
544119588137365504
544119505828327426
544113967790960641
544111725549584387
544110448711192576
544108446417551361
544105340246048768
544105279449595904
544105183421014016
544105124197462016
544104396640907266
544104298238320641
544104240256270337
544103234424418304
544103184101158912
544103107328614400
544101936929046529
544101882910609408
544101123561254912
544100559976812545
544100270473367552
544097802821705728
544097676136964096
544097571514249216
544097431466409985
544095749705711616
544095642050494465
544087201898708992
544087113327603712
544087039226814466
544086948810215424
544086832816746497
544086726444998657
543781595094609921
543781355750830080
543629871012802560
543392394264080384
543389975459282945
543387176776368128
543387040973193216
543386875281408000
543019213875458050
542980869795753984
542980624944885761
542980359202160640
542958530064424961
542669057225281537
542668636373000192
542668506970333186
542668198504452096
542665382989819904
542547076840554496
542306349720166401
542305584859467776
542278015539884032
542259933723373568
542259403689177088
542259195827847169
542258911458246656
542150485176614914
541932415816445952
541906003072012288
541905548476563456
541905297577496576
541574976701083648
541574735771860992
541574687075995650
541574369902723072
541574168186060800
541560108686118912
541553878567628800
541516151939796992
541425528159227905
541370596278300673
541196855523041280
541181832616615937
541181014895112192
541180690578948096
541101766662574082
541051819632242689
541036608062242816
541022341996638208
540859179380903937
540858918503587841
540858435957297152
540839500885135360
540769572161191936
540768897725509632
540707875400581120
540689300816281600
540675460565180416
540477322353065984
540451211405557760
540450833884663809
540334303784079361
540131986791088129
540131817437675520
540100751360405506
540056374827159553
539985157034233858
539798484186963970
539796191332950016
539762685055750144
539736665321775104
539639707139710976
539589276669730817
539449418655625216
539422011622432768
539422010439258112
539375267173527552
539215937975496704
538861368175120384
538698223003500545
538698213788631040
538652487192829954
538636545322778625
538596802115538944
