1054647614187040768
1049585426913083393
1046935250616561664
1043069242772348929
1042643500540387328
1042591786948976640
1041887566398488576
1040782251800317953
1040547162906537984
1040165095169351680
1039123747897106433
1038902364919324673
1037928479398846465
1037905285803696129
1034361341941698560
1032399901592715266
1031825236184903681
1031450765276008453
1029476202581381120
1024448599122300929
1022391484337741825
1021643361642409984
1020186631444226048
1019145742424797185
1019140396260048897
1014751016481247232
1014074123415314432
1011153925330821120
1007163479571271680
1006835340705820672
1004631863095279616
1004628965779124224
1004158477093175296
1003561998041243648
1002423827706478592
1001695066480631813
1001301940230238208
999189831996461056
998853909765484544
997402595168665601
997020532481519617
994140417556926465
994110218211491840
993765495898714112
989788988297768960
989753628616413184
988692137108652032
988659048982679552
986142376883179521
985788331794415618
984693740508856320
984667547210416128
983240335059922945
979597781164683264
978807202205986816
977758723920637952
977738832647929856
977732245849911297
977716854490783745
977452772562841600
976280735287074817
974209913978155009
974101567635841025
973808102297473024
972016936346255360
971683769642926080
970580807562682368
969084430693277696
968405318504869888
966870694024773634
966558123874959360
965878530503421952
964397511715663872
963692426744315905
963576090299019265
961214331508613120
960787998672543744
958629560412602368
958622629186826240
