1016613036235345920
1014075793264300032
1008999374905626624
1005000292616687616
991549174855254016
989765864206434305
986171835787153409
984690070232772608
983591122051055616
969463868132007936
966233346396377088
966231925970087936
964055991674314752
961055205042212864
959333300069457922
954269415662497792
951739483635859456
938627325947793409
937489622313009152
931429793643581442
928564071489667072
928514422078926848
925622832796749824
913973824588201984
912850838913146880
910728188615057408
904617662017179648
902451261303283713
900879363519922176
895528025500012545
894367488476971008
882159909487300608
880586818634354690
880286541859258368
875584326284361730
872020305644068866
864409026548948992
861465175005642752
859551777665892353
856798267690102784
852708274306555904
851722538233339904
849524130559008770
847717111887568896
844123979715551232
840351108048478210
839275168551727105
837110872237469696
832499918619045888
831433829193752576
828906093803888640
822357778048032768
819814002461052928
806661537507065856
805654452564738050
805176630410756096
804494975744372736
803902071791583232
802044165647306752
802043712419172352
800633098626961408
796645207085379584
795470195674345472
794490787027267584
791538203635294208
788312082877915136
786451747589857280
786142656275488768
783256482020265984
782733747992928256
780689913595301888
775148380422934528
774774242277634048
774174943667892224
771156589902311424
762544785831829504
760024216875982848
759908507818663937
759316098458218496
759310300097220609
759190257401143296
758277468528738304
757796476848185345
757729275835547648
757728303033843716
757139791909642240
755922419223625729
755202109738319872
755200483644481538
754598466333147140
754103819525586945
753816261662941189
753440148768034818
751787456090009600
751775747375820808
751770360614363136
751701963004190720
751688697192386560
751564298418135040
751562847750987776
751192414241509376
750831739027595264
750831268338642945
750636203892846592
750537663476891648
750536891557109761
750482485696352259
750121669369339905
750120602866896897
749919125628194816
749757054865203201
749186802540568576
748784245351428101
748783588082987009
748441362622611457
748432153868832768
747743875821899776
747578300193603584
747382252623921152
746488182779240448
746241233912270848
746006995954712576
745997486360166400
745991862004113408
745575944912461824
745509081390055425
743752283666554880
742642602609102848
740428797040832513
737443604285685760
733591224578281472
732430549071986688
730227828457771009
724397210578771969
722652459341058050
722363640263897088
719809284050198529
710392532761313280
694707865462788096
680329028314648577
677321215187402753
671261273565339648
669417777644625921
667321837995491328
666766446534328320
666537580066803713
662429819955638272
661180225074524160
661052384848678912
659675025134346240
658930271870255104
657371003916435456
657003344699895808
656095005283454976
655018326783954944
655017332574588929
654554097400459265
649471465708896256
644861843685535744
644481659216113665
644093270541234176
642245675271323648
642230579165982721
642203021993054208
642184582192693248
641420786956283904
639685737806344192
639660473827233792
637184682249949184
636355922252533761
636129632341790720
636110486728151040
634271912542105600
634264014193733632
633829613660082176
633596030026518528
630949194228850688
628746131422466050
628435869993537536
628138198623911936
624383533235183621
621923868542808068
620922799780040704
619476916119080960
617975552696193025
617885925188571137
616859518970937344
615826643064504320
613287074259537921
611767138525712385
608239902229012480
604200269119766528
603163960519458817
600846113076224000
600201161405124608
598849692634517505
598645441928925186
594101059804495872
593601043486941184
592952824226574336
592941951143452672
592579399930613761
591157718263533569
588804502326677504
588804160390189056
587943962368811008
587583761136517120
587264508550189056
586842282688585728
583101378815361024
581370180606906368
580303467052314624
573010934752411649
572616443042275328
571237756992495616
568687805506805760
568687495291891712
567920055700172800
563272075121410049
562812160804671488
560086619110133761
547650007025729536
546947736239476736
544777914504343553
543673348102701056
543647565535662080
543619232332648448
543612201253097472
543332448122060800
543332398109171713
542960419015389185
542645294043643904
542170934518378496
542160609249214464
542144606641471488
542135980946255872
541954243905589248
541796781202214912
540863696583405571
540507853425881089
540507237932752896
540506791587500033
540152455279804416
540152240812474368
539759381550612481
539737913324359682
539642093522530304
539619692919267328
539297754413940736
539291894094635008
539270880069574656
539208502728605696
537559470117642240
535664999528538112
534890626479710208
534614955664736257
532090578519867392
530594240423014400
529907839070793728
529876671155810304
527658935885377538
526943195553218561
525194525103247360
524143397641015296
523035142294474752
522978378207330304
520471385030660096
520087086087434241
519683178148003840
519308602389970944
517960839039819776
516767289777983488
513953118367653889
510346509468958720
510301935950262272
504793016045817856
496109593286545410
496101193844674560
491470531686715392
490063884116455424
487430365955387392
486409929092120576
484215068171575296
481668501619220480
481366817760227328
477012682806030336
475936859059544064
474380600766251010
474017007239569408
472245545495302144
472241622856372224
470858190477725697
469687409068609536
469679051443953664
468220971690635264
467201366704668672
464583972253888512
460690543895277568
460403286089031680
458418849772089344
457053038142713856
456724225303146496
456677591017996290
456305976551800832
455640222702010368
454451235639152641
454171841486020610
454155454902308864
453098571273744384
452004586077704192
451283342382473216
450565386455363584
449441967555227648
448700661069131776
448365801603493888
446607729923080192
446551002234105856
441502081342390272
441049030546567168
439362182330216448
438203504851562497
437880328162529280
436796821739143168
435697826446577664
435363967116906496
434238945069903872
432808308882563072
432699760940564483
431380289755967488
431364751260536833
430949541282451456
426995223860748288
426639692671770624
425835556153864192
424048855051550721
420838209157742592
416116624068841472
412824796389314560
410653226543767552
408821567594844160
407792011169656832
407698719321378816
406242049932161024
406224229533614080
405893193926840320
405210864166662144
403713268994547712
403454566613524481
403061373984194560
402694831605960704
402676620583915520
400511041357893632
400192746402496512
398630361816514560
396198294273024001
396143766202888192
395019420411502592
394754301861429248
393636385975832576
391127489411424257
391034530875711488
390329800495493121
387154307893567488
387148997917696000
385999294278279168
378313616262320128
377657377031344129
376972782652780545
372261230129328128
365049635649224706
365034156310265856
358561216718839808
358475681237172224
358413790473240576
357839071768358913
357833952301563904
357827550837350400
357812552626999297
357405439593422848
357373778671579136
357361785143169024
357291235263778816
357086495347179520
357086123715080192
357044860089417730
357044704728199170
357044360140951552
357044021589315584
357043370075492353
356991635235667969
356961786865520644
356961297289592832
356713856682311681
356342009021214720
356291630069858305
356291300443697152
355646915037237248
355552857791016962
355234347739123712
355218119310057473
354928790054510592
354928144731488256
354773712668602370
354494381639745539
354212318579671042
354196518175113216
354067074034827266
353792956618121218
353140063309283329
353081976833576960
352731496408285184
352694262531502080
352687667470811138
352618912434749442
351542331666735106
347871088384024577
347264530600038400
345107209455288321
345009527621558272
344980522625298432
344614004506902530
344613511890104320
344612039643254784
344610526518718466
344609502605225984
344035526321508352
343877146843963392
342886943270506497
342496315420315648
341704125551108096
341581192195342336
341506831367155712
340545187317174272
339706267423629312
336426514654572544
334246905032867840
326527527336173568
323988746913603586
323321141609508864
318637238802059264
318512444685299715
317837906460962816
317836366937460736
317824922632196096
317431181186564097
316484277191708673
316471035161616385
314580801801043971
314566668443598849
314244777031897088
314202788706000896
313916814897848320
