1054881419518984197
1054873989338677249
1054640317071147008
1054345989765525504
1054262830952701952
1054250186430545920
1054221017332178946
1053945740827877377
1053931386304786432
1053925682470776832
1053558635324825601
1053498118640099329
1053252996992163841
1053246258331013120
1053194472060706816
1053159086450106369
1053143708978147328
1052770411388096512
1052422717629235201
1052142199796727808
1052076936346759168
1051723471409963010
1051700848001052673
1051656404719755264
1051093290529878016
1051002332698144768
1050960825341566976
1050945421936185344
1050693409000763392
1050571002470576128
1050508101843968000
1049817585494065152
1049603223168770048
1049494695108317184
1049445603611160576
1049231430641901568
1049145562375680001
1048921815630929924
1048537089938083841
1048430297883140096
1048394910548676608
1048157658367156224
1048148162349654017
1048133270087430145
1047660174893182976
1047447106485551104
1047435586401841152
1047418374194520066
1047415770471256064
1047413185551065088
1047413025760718848
1047412715042430977
1047378923980378115
1047349029594513408
1047327553768194049
1047103296215822336
1047023260104310786
1046614019648323585
1046358853737046016
1046320613361573889
1046306463335964672
1046294740419788801
1046270823370186752
1046260350922833921
1046246255700004864
1046240256410832897
1046220500836528128
1046217557475098624
1046175514312863745
1046081921464324096
1046049061730758656
