1039482437674389504
1039468600787128320
1038984153532837888
1038981640440012800
1038766470090694656
1038751370361237504
1038317475048243201
1038283286320099328
1038268187337469952
1038041694820806656
1037996396631269376
1037993453588639744
1037664208979025922
1037518678139359232
1035843464359899136
1035533169921945600
1035356735353966593
1035006695687184384
1034639274661105664
1034634241156567040
1034417816760463360
1034395169414467584
1034055429968420865
1033995029373743104
1033677940012142592
1033647740713140226
1032856680688545792
1032535073101205506
1032459913870499841
1032183090255294470
1032160441269608448
1031888657756504066
1031828254179483649
1031518715253338113
1031374008665567232
1031171425816772609
1031065727111847936
1030780095324024833
1030778836835655681
1029516697063968768
1028237863383576576
1027814831976472577
1027342736498745344
1026374652560470016
1025569511376867333
1025301998705549312
1024921660250443777
1024851027521142784
1024487381322407936
1024294862739271681
1024244237506760705
1023900291270246400
1023763863622352896
1023025247761707008
1022753457185255424
1022745905894645760
1022391584459874305
1022282787234111488
1022282436212711424
1022118019651264512
1022015024674603008
1021951924206284807
1021697749501108224
1021696491197489152
1021402054693011457
1021386952208273408
1021213810797961216
1021205757709160449
1020526280041586690
1020503894785310720
1020496081430425601
1020300291441246208
1020299788271509505
1020233017497858048
1020179668995993601
1020119097164455936
1020118595441852416
1019923307938959360
1019922302442409984
1019911595466448901
1019797729382346752
1019507316054298626
1019507069148266501
1019415460968914945
1019415214964391938
1019258175164502018
1019257925951315969
1019212876404359168
1019212626700656641
1019176627668832257
1017709275374735360
1017637589539479553
1017621640631353344
1017621388935327744
1017608085739790337
1017240881789669376
1017008350066716672
1017008349982978048
1017008099314552832
1016892423572631552
1016878997202800641
1016878745611849728
1016878494435901440
1016637908823003136
1016637657508704256
1016202399516512256
1016154218669854720
1015476441775988741
1015069175125966848
1015023415084765184
1013936874501468160
1012553913675812864
1011558070088957952
1010312280930566144
1009957102519922689
1009010962123223040
1008640056003661824
1006476405872312325
1004155519962005504
1003940931882512384
1003795223347060736
1003629950203768835
1003485675818110977
1002871448011018240
1002410868485713920
1002379715775066112
1002188032017973248
1002114840050057217
1002001184322936832
998551666356928512
997386311244943360
997303435732008960
997303258828832769
997220212976926721
997159814487781376
997099420897472514
997032452261535744
996941071014879232
996690651122057217
994543523692036096
993685787462975488
993446960148303872
993445933839876096
993378723368919040
918688206735867904
918687487412682752
918678480555929600
918654142146535425
918486169784111105
918455168961732608
918451439537610752
918451163535572992
918450563527745537
918399494772764672
918380479434276864
918365695942959105
918344443115085829
918325392288620545
918311390942605313
918304732103319552
918289351494135808
918273115502690304
918269237935738880
918233583944212480
918063769082720256
918062444131500032
918054443924439043
918037090985578496
918025854805929985
918009171064242177
917990403185500160
917985894023553024
917980073373954048
917975830256603136
917966985052524546
917955947590574086
917941636193120256
917914382880743425
917904247932338176
917738634668687360
917708927587860480
917695941150334978
917682081022349317
917671029375242245
917669655338115072
917659229095260160
917657494423400448
917653415081078784
917600274486718464
917596920452866048
917590741374734337
917576507173740544
917563842384642048
917559697338544128
917558968066572288
917557899559297024
917418348941475842
917412571090624512
917355645891878912
917348501314445312
916661051730493441
916549511769501696
916273305673277442
916268060029345792
916116853423972352
915930614922084352
