1020118595441852416
1019923307938959360
1019911595466448901
1019797729382346752
1019507316054298626
1019507069148266501
1019415214964391938
1019257925951315969
1017637589539479553
1017621640631353344
1016892423572631552
1016637657508704256
1015476441775988741
1015023415084765184
1013936874501468160
1009957102519922689
1007429151471460352
1004240081123717121
1003940931882512384
1003556686001389569
1002410868485713920
1002365488846942208
1002114840050057217
1002001184322936832
997303435732008960
997220212976926721
997032452261535744
996941071014879232
996690651122057217
996314767542407168
993510558627348481
988354809404178432
984659884942606336
984294588738297857
983997135090868225
983902745382891520
983878573357330432
983307557748883458
981727805854502912
981721181911842817
979513454938632193
979244668352262145
978918503519477760
978892740124643330
978825209791750144
978513619284500481
978469132600459264
978200668593795072
977169242821832704
975965297734696960
975960616375472128
974538316308611072
974439252510498817
974174167867142145
973861214701854720
972610947234676736
972599305721671681
971669680334159872
971327120747126784
970917750603313152
969013849381773312
968706796914380800
968674323413155840
968070994123374593
968070474038063104
966954596978446338
966924410153127936
966612046514077698
966546088034418688
965460970188414981
965432499802226688
965383351866613761
963932831268274176
963618122212114432
962904362379919360
962885425000980481
962711022187393024
961816248668504064
961537860716253184
961043721075609600
961042485525979136
960455735124508673
960453023850876933
958165586059567104
958127105333604352
955727996563857410
955726296037826560
955041330526281728
955023140924547073
954259732356775941
953582243145904128
953133270916460544
948728459508903936
944121690992263168
943790899317809152
935705368419753984
933138436432707585
932887983497211905
932579613821120517
928938942182842368
928828446377107456
928817795281821697
928801384824053761
928094853186994182
922145679287336960
922132208567050240
922131163421933569
922131131427733504
922130694473576448
922127308810371074
922125432920555521
922119566980874241
922117800168062976
922113374648860673
922110398920237056
922105094295887873
922102302353260545
922096821475799040
922087485324140544
922058747907731457
921747957845598209
921707591876599808
921683229920321536
921676126543421441
921659686176223232
921629439955419136
921624615528497152
921622398662623235
921620784623185920
921557206130073601
921555112010514432
921508133465239552
921352088327557120
921343773233336321
921309587181002752
921294001021399040
921291869983719425
921282786643681281
921239576147927041
921167986546765824
920988534978129920
920950043540045825
920805235043450881
920641436239855616
920641401288769536
920540319522754560
920469553594826752
920433475311693826
920308747217412097
920219658313191426
920207552150872064
920137721531703296
920129830598860800
920124059521650689
920113958270275584
920108416235794432
919887573320732672
919885669127700481
919857721981091840
919857387472789506
919855522957758464
919770605653602304
919725816572817408
919707227656658944
919707109440176128
919531372259057664
919509082347671552
919488534284664832
919470452723953669
919457030603128833
919434228525293575
919426332831883264
919396398423875585
919394914848317440
919383883828756480
919367692204744704
919364790765600768
919347523960975360
919216877326315520
919164487755636737
919128188877336576
919128095453409280
919125996447481856
919044088594186240
919041013879934978
919038425440727040
918839637317009408
918833903875452928
918820460443312128
918789241001336832
918766665063587841
918756016707137537
918688206735867904
918687487412682752
918678480555929600
918486169784111105
918451163535572992
918376250216931328
918329988683673600
918311390942605313
918304732103319552
918271547609047040
918063769082720256
918054443924439043
918037090985578496
918025854805929985
917975830256603136
917941636193120256
917914382880743425
917659229095260160
917653415081078784
917600274486718464
917576507173740544
917563842384642048
917557899559297024
917348501314445312
916273847262777344
916116853423972352
912826674080735232
1038766470090694656
1038041694820806656
1037996396631269376
1036807904978849792
1035843464359899136
1035367271227580416
1034634241156567040
1034029990105370624
1034029989472034817
1034029989455228928
1033677940012142592
1033647740713140226
1031828254179483649
1031518715253338113
1031374008665567232
1031171425816772609
1031065727111847936
1030780095324024833
1030778836835655681
1025301998705549312
1024851027521142784
1024294862739271681
1024244237506760705
1022753457185255424
1022745905894645760
1022118019651264512
1022015024674603008
1021951924206284807
1021696491197489152
1020496081430425601
1020299788271509505
