1039350030082043905
1039341183233748992
1039333717578211328
1039332966814470144
1039332290524893184
1039142707938000896
1039133673537171456
1038993383241396225
1038991609038172161
1038991301524434944
1038814771343056897
1038810109042819074
1038722556906233856
1038721425232646145
1038683060005269504
1038573399780380672
1038450722302353409
1038262376838000642
1038252412400689152
1038251739906891776
1038250591489687552
1038250147900080128
1038249276474712064
1038221786016432128
1038021942953951232
1037948426367852544
1037931398290534402
1037906691734429696
1037905555510067200
1037905052151635968
1037904389590007812
1037903715833761792
1037839097392316416
1037592402431639552
1037591867246895104
1037541096274817024
1037540559919837184
1037528482291404801
1037528388775206913
1037309399843332099
1037282316047986689
1037181334538608641
1037181006447398912
1037180836007763969
1037179054728785920
1037101768017104897
1037079223993651200
1036822547797499904
1036818453699551232
1036817676251713536
1036816759184011264
1036816313409187842
1036813748663549952
1036759281041723392
1036583982031241216
1036571931108098048
1036560780559142912
1036549110961070080
1036464006007930881
1036455547296337920
1036152290015465472
1036110571484012544
1036109870385258501
1036100707856732160
1036100346697773057
1036099715006226432
1035774881466482695
1035739607772450816
1035738013177794560
1035689592484052993
1035682224975171584
1035662047353032704
1035537028845162496
1035526339338465280
1035369580506439680
1035368992356032512
1035368034582458368
1035367587645804544
1035012460967747584
1035011785969942528
1035001448721932288
1034756280752136193
1034755289696751616
1034640640099770368
1034618479872102400
1034488596768514048
1034487921280147462
1034320640306597893
1034289473616375808
1034076384098889728
1033922339816132608
1033921809018642432
1033868403566465024
1033523873126305792
1033523131661484033
1033521507803181056
1033194696024051712
1033194164094164992
1033131853258084354
1032997275948048385
1032832505341046784
1032831974040207360
1032831563153588225
1032556325413109760
1032554844052025345
1032472883526651904
1032471879557107712
1032464733536833536
1032413431670792193
1032413196433248256
1032410977805860864
1032145360981028865
1032107742998065152
1032106781701332998
1032106264824672256
1032105927451635712
1032099802979467269
1032099557923074048
1031783049233682432
1031749274873159685
1031748958257786881
1031737169696706561
1031466798770675712
1031465937487056896
1031387940230840320
1031380657539182593
1031040567835123712
1031026479184863232
1031022319051788288
1031021431365165057
1031020649563664384
1030734926923018240
1030657070897328129
1030633631981555713
1030633269585301505
1030632574702379008
1030632305717522432
1030394971843584000
1030388380612231168
1030322726357979136
1030294413174398978
1030293987217702912
1030224900437372929
1030020007915184128
1029971138213015552
1029937359322722306
1029925228154105856
1029700269452419073
1029698654276280320
1029697085371637760
1029643892142964736
1029606452392910849
1029603353880276992
1029534130327834624
1029527752028770304
1029518322092503040
1029513645619699712
1029508379868258304
1029498340512165888
1029476889423826944
1029332943771037698
1029332326545686529
1029327994706321408
1029213532477251584
1029213352210255872
1029212490880569344
1029200690474872833
1029200440511160320
1028903330586611712
1028879979654799360
1028872474966941696
1028869105145638912
1028867608219537408
1028862461628141569
1028606182812921856
1028586893498245120
1028586635095470081
1028583239462543360
1028570608827691009
1028521656501694464
1028518094694572032
1028510201870049286
1028509495515787264
1028478689397428227
1028438661245747200
1028438487559593984
1028431681865142272
1028273032723234817
1028226869693280256
1028196117333213184
1028194503193030656
1028182804100599809
1028129186597154816
1028117856829882369
1028116998394281985
1028114649852477441
1028113454287052801
1028112921774108672
1028112573739065346
1028112260152012800
1028081176395710464
1027874590033211392
1027863252326178817
1027849711095431168
1027796824462163968
1027763219023114240
1027761836215623680
1027761182155857920
1027760628226711553
1027759345570787328
1027750903972081665
1027693294564737025
1027675319228985344
1027533411315941376
1027434301829378048
1027396792919281664
1027394471359434757
1027393326792601602
1027391260640694272
1027388507285856256
1027382455550898176
1027330643888197633
1027329695514148864
1027303609094963200
1027301343164170240
1027301292731846656
1027161135009562624
1027135740814082048
1027127097737629696
1027073991691984896
1027072027621056522
1027036318549692421
1027035532524548096
1027034335549911041
1027033968619573248
1027032647439081473
1027026123853639681
1026801163117592577
1026800305537568770
1026798964660527106
1026774307488194562
1026709541415804928
1026673085913526274
1026672398777479169
1026671839458680832
1026671572206014464
1026663733395898368
1026604123255271424
1026586782173782016
1026347178464292864
1026311975964495872
1026307906247974913
1026304377110183936
1026301351960096768
1026245227990999046
1026084068616622081
1025957840437968896
1025957389411921920
1025898260114726912
1025891293774270464
1025891228544454656
1025692329896640512
1025622500170977280
1025614417898090496
1025608508656381953
1025604670708887552
1025576593392062469
1025526963656482816
1025510296264134656
1025272088972521476
1025262994756751362
1025260061411696642
1025217411581005825
1025216955219755008
1025215618906173440
1025214173104492544
1025167705911963649
1025136914842546177
1025002777448202241
1024941401971146752
1024897729561014273
1024867466755825664
1024855764693737475
1024851792667058176
1024803740170125313
1024778245105799168
1024774643905978369
1024774415098073088
1024602475364372480
1024590643077640192
1024535248984571904
1024502098350592000
1024501774344810496
1024495664611217408
1024495003324665857
1024489403706736640
1024279931126042624
1024253504389505024
1024194470940528641
1024172834157998081
1024172305692405765
1024134207134556160
1024132191654010881
1024131821120835584
1024130555841892352
1024127017594302469
1023928932481945608
1023925645603102720
1023921296856375296
1023909935531225088
1023908551905820673
1023906475561771009
1023810438109319170
1023780345135562752
1023774408253440000
1023774074525241344
1023764635277832193
1023764634082398208
1023494552311623680
1023493735953264640
1023419392481083392
1023401468844359681
1023383931817611264
1023383487825367041
1023085658208919552
1023085636113195008
1023068480956850177
1023064774949519360
1023061108762935297
1023042199452246016
1023040370886598656
1023039845667622914
1023023346005377025
1022688031327703041
1022686771606315008
1022686181266341888
1022621125681893377
1022617457016504320
1022488798045687808
1022323511862259712
1022320859757785089
1022257477759336449
1022044523084435457
1021962333126504448
1021961171786596354
1021880899179171840
1021707045626507269
1021683479707176960
1021637696630841344
1021615955770847232
1021599849798463488
1021598624419987457
1021560145069785088
1021359982762078208
1021340898951495680
1021337916264419328
1021236874470232064
1021236604327739392
1021236176236134402
1020987501329051648
1020950827505078272
1020869053169119233
1020851096493805569
1020807941497094145
1020680918116196352
1020663479894622209
1020660270492893185
1020659174328303619
1020658493232041984
1020520385748463616
1020519023207899136
1020428746417848320
1020425656801189889
1020289340616790016
1020150850533011456
1020130975441813504
1019890513883697152
1019850722567892992
1019784249996599296
1019783788052664320
1019729244128100352
1019719016103882752
1019593576076808192
1019590760327331840
1019423208884224000
1019418431706181632
1019188294024769542
1019171729409622017
1019063933506744320
1019058537303928832
1019056649250619392
1019001321397997568
1018996929621995520
1018979505438797824
1018815524791152640
1018807482485915649
1018704357104087041
1018662950570156032
1018644813757861888
1018644332864131072
1018381765033975808
1018341423316267010
1018337497699373056
1018328441265872898
1018309596702695424
1018309372059967488
1018309070023843842
1018303763608567808
1018285019138174976
1018280443978764288
1018262317425831937
1018259819088658433
1018146524352503817
1018082355750113280
1017985211508748288
1017984795391885312
1017959635335036930
1017953876987691008
1017950984482402304
1017752251941523457
1017722497083457536
1017720721823301632
1017674475880398848
1017612503256203264
1017610771914608643
1017545260040216576
1017386722026352640
1017331670855213057
1017305554786480128
1017249240001605633
1017248749557506048
1017245368482873349
1017054427553804289
1017030849441640450
1016971707234463744
1016970561816162304
1016887815617966086
1016884771631218688
1016883927619854336
1016883245688844288
1016882445394718720
1016870387894775808
1016802243020873728
1016644509508071425
1016643789169913856
1016638944652374017
1016618124370534400
1016615091167326208
1016564151278112768
1016528530283171840
1016527937984606209
1016524966475382784
1016293720046559233
1016290432651673600
1016274419679809537
1016267246262353920
1016261289155260417
1016203020734885888
1016202792887713792
1016186607269867520
1016157403300020224
1016088158948085761
1015959732840873984
1015861237307998209
1015830507664244737
1015823685142433792
1015823280706424832
1015777000701607937
1015752928110338048
1015603481560805377
1015597603801608195
1015510438316933120
1015479635482591232
1015377275259195392
1015342082372730882
1015187135438000128
1015133857442484225
1015088344672264194
1015074613556940802
1015073887355219969
1015018257349160960
1014830813421031424
1014830280585175040
1014826455258185729
1014810984878243840
1014810192796479489
1014788580948889606
1014711354588971010
1014711062673813504
1014710488381308928
1014710302049370117
1014630038019309568
1014474775345811457
1014473757895692288
1014472243814862848
1014471318446567425
1014439399663140864
1014425986794860544
1014112708310888448
1014067049348227073
1014065379985911808
1014060957755006978
1014036275962056704
1014012572926799872
1014010506724585472
1013900100513304576
1013887992128131072
1013886767437570048
1013724087858819072
1013716372835037184
1013666911689715721
1013666393554710528
1013578396838723584
1013577294776954881
1013576760720576512
1013565783266377728
1013396235003129856
1013379512447332353
1013377199414566912
1013376461695143936
1013367059831386113
1013365454717399042
1013334000893509632
1013327460023205888
1013311460796084224
1013267870116016128
1013260357236764672
1013236301347282949
1013233426046935040
1013232577421799424
1013019032662958080
1013018628713615360
1012952656988422145
1012950313286828033
1012949949657436160
1012935012864307200
1012872351589883904
1012845569482477568
1012842473285009409
1012838390314631168
1012648768091480066
1012577494711468032
1012364258154242049
1012311101243977728
1012310382780641282
1011940259746070528
1011852958491803648
1011600377798709248
1011353777343901696
1011210821697863680
1011099643436888064
1010765167062179840
1010485738108956672
1010484012664569856
1010483369333780480
1010448599090524161
1010446923021479936
1010408766255185920
1010408177064501248
1010407826924040192
1010407636230070274
1010355146717425664
1010353384635838464
1010306202763517954
1009940138401513472
1009801362085826560
1009738356958248960
1009734058073513984
1009726638207037441
1009658614837940224
1009643281594978304
1009636056277213186
1009635714202415106
1009633767370051584
1009386095870504961
1009284349362036736
1009276366804606981
1009275506171129856
1009079926736150530
1009036529421840384
1009036263909777408
1009027094276333568
1008728257527599104
1008726397630574592
1008695127676612610
1008688800191602688
1008666153017753600
1008653979461402624
1008644119910989825
1008640803634176000
1008579994442854400
1008553138163408896
1008550179425775618
1008540298668994560
1008486389522968582
1008292777048731648
1008284933821947905
1008271900999495680
1008252180032208896
1008245080690384896
1008242253054144515
1008240487487033344
