1019890513883697152
1019872042751889408
1019729244128100352
1019590760327331840
1019418431706181632
1019188294024769542
1019171729409622017
1019056649250619392
1018996929621995520
1018704357104087041
1018644332864131072
1018381765033975808
1018337497699373056
1018309372059967488
1018146524352503817
1017752251941523457
1017386722026352640
1017245368482873349
1017030849441640450
1016971707234463744
1016883927619854336
1016882445394718720
1016802243020873728
1016643789169913856
1016527937984606209
1016524966475382784
1016290432651673600
1016267246262353920
1016261289155260417
1016186607269867520
1016157403300020224
1015823685142433792
1015777000701607937
1015603481560805377
1015479635482591232
1015342082372730882
1015198396305436672
1015187135438000128
1014830813421031424
1014830280585175040
1014810192796479489
1014788580948889606
1014474775345811457
1014473757895692288
1014439399663140864
1013900100513304576
1013874148974587906
1013756634139463681
1013724087858819072
1013718627315400704
1013716372835037184
1013666911689715721
1013578396838723584
1013577294776954881
1013576760720576512
1013565783266377728
1013406825935323136
1013376461695143936
1013367059831386113
1013267870116016128
1013019032662958080
1012935012864307200
1012842473285009409
1012577494711468032
1012364258154242049
1011942160923389954
1011940259746070528
1011852958491803648
1011600377798709248
1011353777343901696
1011210821697863680
1010932680609882117
1010765167062179840
1010763155218157568
1010483369333780480
1010448599090524161
1010445219731423232
1010409514405728256
1010408766255185920
1010408177064501248
1010353384635838464
1009782335787528192
1009781126016090112
1009739348009349122
1009734058073513984
1009636056277213186
1009633767370051584
1009394104260689923
1009386095870504961
1009316470386331648
1009284349362036736
1009036263909777408
1008728257527599104
1008726397630574592
1008644119910989825
1008579994442854400
1008553138163408896
1008547972936753152
1008487348932304896
1008203424167411714
1008121635465904128
1007810952815788032
1007641617883226112
1007571864133275648
1007470467349864449
1007169138698027008
1006661621974831105
1006545697095602177
1006510010233380869
1006480155387105280
1006469078876184580
1006465424014229505
1006148951978885120
1006118057679306753
1006012090283319297
1005787917443141633
1005686278489235456
1005309212249841664
1005206382881202189
1005030351494758400
1005029976595296258
1004635506011824131
1004361206335881217
1003612704253214720
1003563796860817410
1003484785874853888
1002852388066062336
1002760820521033728
1002730650825179136
1002716185467576320
1002703901840166912
1002700930062606336
1002591046683856896
1002509630315028480
1002327100546695168
1002071662701953024
1001069359551332352
1000648437954588672
1000645526528782336
999984300744359937
999909849809874944
999858415445798917
999857063265091584
999577999480573953
999573004836225024
999429755303673856
999151341434880001
999064704180862976
999060234340515840
998816091655860224
998764440760680448
998763582819987457
998557827256877066
998410451573657600
998410325459288064
998094222329761792
998093218997665792
997689310705995776
997482520743591936
997339321144258561
996996811318444032
996668649539649536
996503925095219200
996503122502598656
996503084867047424
996370151661387777
995172810585620480
995148560961187840
994688530847707136
994581306225836032
994488964231774208
994462575084498945
994438433840943104
994054772885016576
993690441903042560
993122532734599169
992994390774767617
992633615396753408
992166977417302016
991975879424098306
991914742439530497
991883647375392768
991845551057457153
991840947867598848
991569076030922752
991526312094281728
991520639558213632
991520384930402304
991516385942560768
991452251720900608
990730767209644032
990222860906987525
989817643812057088
989704255526219776
989256452224110592
989096504303542272
988981675630649344
988645305481547776
988263962612449280
988263585066332161
987935484323102725
987657099722174465
987634283102654464
987527507950714881
986950066626748416
1039355192800493580
1039353287844057089
1039350030082043905
1039341183233748992
1039333717578211328
1039142707938000896
1039133673537171456
1038993383241396225
1038721425232646145
1038450722302353409
1038252412400689152
1038251739906891776
1037948426367852544
1037931398290534402
1037905233387483136
1037904682985746433
1037903715833761792
1037181006447398912
1037180836007763969
1037179632888565760
1037079223993651200
1036817676251713536
1036816759184011264
1036813748663549952
1036581301636100101
1036549110961070080
1036455547296337920
1036152290015465472
1036100346697773057
1035739607772450816
1035537028845162496
1035012460967747584
1034756280752136193
1034755289696751616
1034752745046040576
1034634163519803393
1034488596768514048
1034487921280147462
1034035909497221120
1033999367793860608
1033859153515622401
1033530837910736896
1033194696024051712
1032413196433248256
1032107742998065152
1032106781701332998
1032105927451635712
1032099557923074048
1031465937487056896
1031040567835123712
1031020649563664384
1030734926923018240
1030294413174398978
1030293987217702912
1030038074581868545
1030037932877332481
1030020007915184128
1029937359322722306
1029698654276280320
1029697085371637760
1029534522382024705
1029534291737243649
1029534130327834624
1029527752028770304
1029508379868258304
1029498340512165888
1029332326545686529
1029213532477251584
1028903330586611712
1028867608219537408
1028586893498245120
1028570608827691009
1028518327952371712
1028509935934398465
1028509495515787264
1028478689397428227
1028438487559593984
1028431681865142272
1028290550540034049
1028273032723234817
1028265732579061762
1028226869693280256
1028114649852477441
1028112921774108672
1028112573739065346
1027874590033211392
1027863252326178817
1027849711095431168
1027759345570787328
1027693294564737025
1027533411315941376
1027505026070077441
1027393326792601602
1027392995459391489
1027382455550898176
1027316666286235648
1027135740814082048
1027127097737629696
1027036318549692421
1027032647439081473
1027026123853639681
1026801163117592577
1026785125692915713
1026774307488194562
1026672398777479169
1026663733395898368
1026604123255271424
1026603474975248384
1026314218398572544
1026307906247974913
1026129117794582530
1026084068616622081
1026061809063579648
1026030644734779392
1025891293774270464
1025622500170977280
1025614417898090496
1025613555305861122
1025576593392062469
1025510296264134656
1025214173104492544
1025136914842546177
1024941401971146752
1024867466755825664
1024855764693737475
1024590643077640192
1024502098350592000
1024279931126042624
1024194470940528641
1024127017594302469
1023928932481945608
1023925645603102720
1023908551905820673
1023906475561771009
1023810438109319170
1023774408253440000
1023774074525241344
1023764634082398208
1023570050211442689
1023497766759063552
1023494552311623680
1023356749544284160
1023068480956850177
1023061108762935297
1023040370886598656
1022688031327703041
1022488798045687808
1022323511862259712
1022044523084435457
1021729725108998144
1021683479707176960
1021599849798463488
1021598624419987457
1021236874470232064
1021147715227406336
1020851096493805569
1020663479894622209
1020660270492893185
1020659771584667654
1020519023207899136
1020428746417848320
