1039072049602256896
1037585836806533120
1036903712906665984
1036827681264885761
1035448385308745729
1034983945497063425
1034978411989483520
1034352176049479680
1029384015671832581
1027433327991508993
1027136770909949952
1027068221189320704
1027067540466368512
1027066583435292672
1024894610697375744
1024869041117093888
1022046607905157120
1022043962465349632
1022040445583425537
1020286664059437056
1020127286786322432
1019879106987474945
1019835207438893056
1019558076074954753
1019503892189466624
1019153288623603713
1019152443848851456
1019107765950660608
1018803911564541953
1018401903833591809
1016515684510003201
1016250582036705281
1015591202974982145
1015071275910230017
1014838519049535488
1014826129822138368
1014433820207022082
1014421068142952449
1014022438986739714
1014019316100972544
1014016503211966464
1014015369453846535
1014009069307215872
1013748007903248385
1012529573689344001
1012517251902083072
1012508118935220224
1012293291977502720
1012176187232145408
1012169663134949376
1011876220877733888
1011841558990032896
1011542015287279617
1011523545719959552
1011464366669983745
1011461190646575105
1011452570387210241
1011449563167612928
1011416499230146560
1011085041747689472
1010709071530377216
1010702379228860416
1010698992785616896
1010024078726447106
1009636966386708481
1009337903711830018
1009009222237843457
1009005897958375425
1008962107281309696
1008629027832074240
1008526455829979137
1008154102092558337
1007524990718115840
1007398771175460864
1007169203776905216
1006830685238145024
1006828697880428544
1006478229060763648
1006475136432656384
1006342151070859264
1006083283371741184
1005980599021006850
1005975864608153601
1005693311544201216
1005051411875282945
1004987668315320320
1004961456188637190
1004556852154097664
1004366218013261824
1004195062895349760
1003996071368876034
1003993063235076096
1003546248501125120
1003428442136764416
1002751459077775360
1002113149938515968
1001273711373111296
999940762836979713
999615542314000384
999537209978978304
998736252567371776
997383610784088064
997298426902593536
997270720337010688
996714512949493760
996655390929514496
996608855835525120
996560367160512515
996189962457378816
994814750252036097
994496888228397056
994183447131312128
994125791045730304
994025826394849280
991864257670135808
991700545306963969
991219974231355392
990103980482019328
990100743481802752
990032467833769984
989820491060858880
989463799034920960
987167534632730625
986909971882229761
986565477139795968
985799225165271040
984709723525070849
984393057863745536
984391810880487424
984339666743644160
984326046857158656
984239812222701568
983721754177630209
983512815196516354
983177314887352325
982157943578570752
981912009624010752
981769427556315137
981550924865847298
981439031492927488
981176434407350272
981100322356576257
981051152253960193
979535617578098689
979291800450969602
979238202316750848
978909597367877632
978908579469012994
978846994562154496
978583983939203072
978190874902282240
978093813506785281
977090151288418304
977085469950320640
976644530328895489
976634258524553216
976629218443276289
976628494334504960
975905816363466752
975306378666377216
974558508577259521
974457573347741696
973860240952197120
973500542507917312
973394627179851776
973392180462084096
973130645475024897
973126389187543041
973082284315168768
973059957410078720
973010065845248000
972856664930971654
972856228270370817
972075898747760641
971948927875301387
971935858772271105
971639809369300992
971607281614770178
971598767186092032
971582455206494208
969067896797151232
968865192313409536
968864257159737344
968334397878554624
968293941014552576
968063443642212353
967939243258466304
967741058007232513
967269022860427265
966886917445832704
966873305008324608
966529910998106112
966480887662575616
966238569021849600
965877752321593344
965512961061150720
964418503380910085
964412686879506432
964025137333919745
964023709928325120
963692690750586880
963651945994096640
963594421831745536
963302265003040768
963299383075684352
962928933539729413
960773424372068352
960414472090218496
959003389760647168
958540198438039553
958175944354623488
957544712440655872
957066570433363969
956814537910468608
956806517830725632
956777266133983234
956511506950049792
956352667617411072
955665899192664064
955664101211910145
954273573878689799
954272679158140928
953462963863658496
951366180794638336
949115837658492929
947491926273548289
945946996027691008
945943688009486336
945834974401372160
944139646249811968
943740417786257408
943667861335052288
943657851960008704
943039290929541120
943034536677457921
943008214584401920
943005816025575424
942992467355344896
942937120586440705
942759047752695808
941593305120247808
941591331108880388
941545101100064768
941229116405067776
941228785436803073
941228127778357248
941178512538398720
940848815321513984
940138572455096320
940063706133577729
939776554455977984
939060255211659264
938661568564170752
938660461746065408
938591250776649730
938569923424428032
938268462085914625
938259195970838528
938221076798103552
938214539350249478
938211803833573376
937920112174161921
937597172710645760
937568809229066240
937545295629393920
936506368088928256
936452454593413120
936145175293788160
936074790959398912
935783911182831616
934967805643964416
933913241909993473
933887216438226944
933258058196643840
932895076937633792
931421300936937472
931368900935090176
931364531594444800
931075097896542210
930700800313188357
930687581683175426
930430825488719872
930326374908248064
930321231760449537
930014969285918720
929898247203667968
929892290973143041
929644321908834304
929642085681999873
929509223653871616
929341389242011648
929302591397416960
929244445979041793
928477790105624577
928431223407394817
928290136831463424
928288283288678401
928101958077972482
928086689712521216
927779135480528896
926324324234969088
925930775211421697
925907702789709824
925637089500192768
925571683766775808
925563499715035136
925550245320069120
925212727768788992
923490241817673728
923098849484324864
923096875346960384
922388703812599808
922106695421005824
921707989161013248
921676600717934592
921676173607804928
921630028059652096
921562706368282626
921303872018063360
921302277687713792
921301481873072128
921300377881866245
921299200872103936
921269528293621760
921244838246326272
920956422975901700
920952055493095424
920951181035180032
920949728652664833
920947946987905024
920919079854018562
920827137518575617
920624653466398721
920602551355031552
920583489891610625
920580374987644928
920579481366011904
920562929463803904
920535246260510720
920495749258973185
920478934843539456
920230414786031616
920228693565304833
920221338781999104
920219083886309376
920218635267969025
920214827527651328
920120870827208704
919888609947160576
919886516372914176
919869980467806208
919862474815557632
919862289603313664
919859830218563585
919858493712035841
919824451394420736
919763682036408320
919752434494214144
919544911073910784
919482127128838144
919437672938012672
919372412872826880
919225056114257920
919163250461196295
919153406077308928
919137580452421632
919135685457494022
919133736800624640
919063652350623744
919062877297811456
919034617075662848
918783803530739712
918776456393605120
918770631319076865
918769982426595328
918751477681623040
918745513943379968
918741828295258112
918414929069142016
918376175218524160
918312726123880448
918230273732386817
917902218795167744
917585702656737281
917406589635592193
917394407157940224
917216099518656512
917213583532019712
916996490031071233
916874766119825408
916802423280111616
916637330085093382
916520435939893248
916228110382538752
916113225728524288
915963310939369472
915959219639132160
915957006086766592
915956117838061568
915955620603240448
915855364402200576
915769514591178753
914783141008629760
914034268455575552
913331194959323136
911526163419242496
910404368339369984
909943547532500994
903205404888285184
898100132926824448
897299916422238208
896933574921682945
895203378405400577
894458594539651072
893060604633665536
892275105723596801
889768627930517504
889404463219228672
888329453956288515
888203345168539648
887959415881572352
887604151403675648
887492523454742528
887252582988562432
885865394690338816
885417094820515840
884571897278513153
884335545236635648
884274650435338240
883984538992390144
883464921198899200
883463519370231809
883217004353667073
882865347929415680
882102585083052033
881715377784344576
881479770927546370
881113901571596288
881062231357521920
880992783611207682
880758725790711808
880752696285741056
880610864054714368
880350842280222721
880284683086348288
880267629604225024
880263957830709248
880091433150980096
879991336861974528
879712911144345604
879542951646330880
879352604878229504
879153118402850816
878852330816380929
878582589690306560
878573578525876224
878426484980961281
878148761289019392
878138695865352192
878095844355874818
878088249616379904
878079591457275904
878072028896481280
877869313494892545
877802164927700992
877786518814810113
877003453368737793
876246475201576962
876006699408044032
875625626756988930
875273592539197442
875124478967136256
875002023514562561
874972792445214721
874926138543550465
874906201452150784
874876045769531393
874869920680599553
874859562985304064
874562435696410626
874526757008719872
874496415422046210
873711849434251264
873436776324489216
873426160608100353
873344618577907712
873340147709779968
873339542148792320
873070099233521664
873063222399586304
873037244176543744
872760099097399297
872637351050133504
872385493954113536
872384075918708740
872313286368387076
872310320865390593
872004176175177728
871536441695772672
870527568050405376
870485522065481728
869862308930924545
868683276818436097
868020138347446272
867989137864839171
867947882309013504
867872328452984832
867606424439750656
867305987710918659
866919344860614656
866894334167089154
866167013323952128
865475804267819009
865426019221618691
865099051829665792
864994896507043840
864764359368622080
864762909720682496
864386164156907520
864385500357902336
864290943578456064
864289036168445952
863613524072742914
862950793896378369
862482535464423424
862260296231952386
862238389226971136
861488635970953216
859635302448721921
859424459186249728
859222939840856064
857872458963013632
857870153328885760
857552292710563841
857131606867365890
856859478519578624
856803440676093953
856681552016621568
856439313495539712
855627511237025792
855243774976434177
855234822691737600
854905195972644865
854871909237891072
854858693732585473
854671297699225602
854143939909005312
853614467136995328
852783462964645890
852780417686020097
852724048354197504
852702696658223104
852357154539307012
852340525260718080
852338028806758400
852093372139524096
851738660588240896
851649797463318528
851359231248744450
851356373317177344
850192659016630274
850191387161001985
849947624236957696
849910450925953024
849842969490280448
849540221242945536
849529305751318529
849445430488334337
849197650725396480
849197067448836096
849194215992995840
848823090662461440
848820908252778496
847747645707767809
847737580439216128
847322669427023873
847045499270021120
846907355291779072
846651611279585281
846539069312032768
846296929055137792
845230922089693184
845098306883616769
844811778127085568
844475149407547393
844465614743879681
844414051908227072
844360370265321473
844126794374512640
844014407613005824
844001600997752832
843345593493737473
842641313962983424
842610665885913088
842553679223836673
842217929559040000
841999925646843904
841539868802994176
841510157146247168
841229804242259969
841099518359744513
840133757130616832
840125763072409600
840050126576001024
840017663371882496
839770588503654400
839733637645901825
839708242942935040
839684045378207745
839405570880757760
839401658656313344
839400126367965184
839290295753687040
839042187228651520
838994613570457600
838672252954529792
838634553237331968
837549081798942720
837511235901935616
837212894001414144
836860770289868801
836467189825712129
836149276631687169
835773609515745280
835661834606632960
834696951358631936
834680310545539073
834579627859324929
834337650991443968
833947416294420484
833572338390044672
833550860449755136
832524103261171712
832045384637624320
831821320249675776
831804501166157824
831675239188701184
831118317897125888
830653509456375808
829990507174457345
829607857322553344
829306147278565378
829256603304153089
828911504913113088
828531659234349056
827457298805067780
827100300129423361
826709161035526144
826368942457303040
826341391705845760
826300846153404417
826288928684593153
826240980093280259
826219554497982465
825984614778810370
825617060591923200
824932853636964352
824900232815140864
824824170982682624
824529644158283776
824499419571576832
824460643562500096
824206019207172096
824179772788015104
824158651883589634
824097692544446464
823822097797394432
823462544052342784
822728529083142146
822259859244519424
821939702978621440
821934525039013888
821895473296539648
821289798161678336
820605934024073216
819852134963286017
819848918976458753
819846508145086465
819449340833898496
819399792560246784
818641294570373124
818346382108934144
818334764335628288
817646093970247682
817587336682708993
817297121321762818
817279973530533888
816545932267241472
815895058977173504
815211096738926592
814334967237013504
813990905694724100
813974308762447872
813663611511971840
813248112076603392
811860134414557184
811823510767079424
811788110816165888
811506921282801664
811501828944760832
811408066096660481
811133974797959168
810763673295671296
810677434966163456
810028924990156800
809985379369566208
809694098873405440
809247401433149440
809066526213017601
809047657771515904
809007827981193216
808997713811410944
808974793768738816
808919680807305217
808888449017098240
808881015749869568
808639427094249472
808592497597239296
808583672064376836
808531140403281920
808501160420077573
808494180062220289
808236906580307968
807487662739181568
807149941571264512
807133071447203840
807113434244390912
807057368223653888
807032380875624448
806716944086757376
806685151090442240
806675850934353920
806425634708680704
806347758059696129
806347360359956480
806346862542221312
805992408441765890
805984816524988416
805982870808297472
805962520368324608
805953878269128705
805704289372884992
805623338408165376
804979780596547585
804586418617974784
804541266985791488
804530863929102338
804246041755193344
804242302688366592
804221238121930752
804206814640246784
804178735163314176
803901148188921856
803899168955580416
803496622621495296
803495361763385344
803455905274568710
803455167471357953
803443655189012480
803159212566179840
803156099847241729
803048440137596929
802072542571675648
802061360989224961
801996821673353217
801957445325066240
801686141686595586
801644889502949376
801644193412059136
801628733228466176
801601029552803840
801002425016401921
800997067195699200
800994381884862464
800940245894119424
800623534787600385
800620173518508032
800564437182599168
800497182952427520
799543747600142336
799543051907633153
799540495466852353
799503422022107136
799202149930438656
799170817774874624
799168827648970752
799142719721353217
799142277402636288
799123933261754368
799121507968421888
798804441298108420
798782289131900928
798741213595607040
798735762199982080
798374193712640001
798370044325478400
798110945864126464
797019540634812417
797006088843341824
797003348507377664
797001107524358144
796928655725195264
796631571730206720
796600072188395520
796553324048871426
796543057013383168
796281724271374341
796256068183543808
796184719079546880
795901128563048448
795540178722955264
795533725060644865
795526946931109888
794471222541107201
794451426327990272
794200987476967424
793361377767231488
793305176211730432
793294604170735616
793004886145183744
791925160467046400
791871638471974912
791563252425633793
791510366891024384
791474084282445825
791212112869675008
791191601116655616
790860506156236800
790793966350249984
790772261372387329
790478423642611712
789403083390410752
789368735563776000
788964843697025024
788904161400098822
788681611646676994
788616809180196864
788610095282327554
788554859058335745
788314499187040256
788248711876849664
787936900489228288
787830143125368832
786495103124725761
786401710990241792
785765268588892160
785733068921286656
785732825492316160
785732713604972544
785732594981703681
785732439230386176
785732366824189952
785658271872917504
784337122954129408
784333983358201856
784330977795379200
783864210396545024
783665452740255745
783596724459741185
783267119488126980
783240458994524160
783229074378338304
783142049759440896
782756942556966912
781794752123408384
781427986566307840
781333974794641408
780703154547544065
780234787470516224
779210187965997056
779163731984916480
776718281839218689
776045218801995776
775983430966267904
774093993701322752
773816073766391808
772975195040550912
771197864743608320
769105358769885184
768736481204592640
768013171986542592
766536056782979072
766533443702235136
765026296732594176
763946153352179714
763935919451680768
763224489588948992
761493460587155456
761452218813779968
761138038441250816
760725657882091520
760672351327354882
760392771626672128
760389188034240512
760320141812834305
759968328383279104
759347618510086145
759336315347349504
759335272811159552
759301411741970433
759002938580754438
758937341889093634
758922256097562624
758917490306981888
758586817343991808
758565213687783424
758560873501765632
757811316299923457
756416506049679360
756400186457370624
756398257316646913
756391881475395584
756335290164342785
755709509406855169
755707995363811328
755706518884921344
755705047325941760
755703480782688256
755702185971900416
755692045390360576
755335658760089600
753879102168240128
753134181694058496
752795344459567104
752439314542243840
752128731364225024
752100164387508224
751789219798888452
751724613114048512
751721399136317441
751712362969772033
751690822513332224
751642610297561092
751553811139878912
751388875768029185
751376838920904704
751362150510292992
751284027504488448
751277252235501569
751263059319005184
751262194453450756
751261494512197636
751260147985494016
751259276312584192
751257213608431617
751255879941435392
751215877010239488
751206858346536960
751001433168687105
750993029209559041
750989495223267328
750985696190472193
750984151575080960
750890591626539008
750630514051063809
750533093191094272
750285384077062144
750268139032571908
750228769240064000
750225355949035520
750170092361555968
749929731512868864
749926855336038400
749924676676120577
749922997763346432
749804653882150912
749590078633021440
749580543222648832
749561934404460546
749532552415760384
749437743038476288
749209592572194816
749195590152515586
749193837445124096
749189330954883072
749185082812821504
749183831421251584
749182989695799299
749181898241429504
749180063434706944
749174469495631872
749165221533487106
749128344650657792
748858905128603648
748854329457594372
748846802250510337
748805552373764098
748780613663023104
748760124815134720
748722984689410048
748435388499263488
748429198411214848
748406486678667264
748353632832086016
748140210530091008
748134590292725760
748123989097144320
748108747570962432
748108129942921216
748107651968471041
748033660528504833
747976944805785604
747975527999246336
747969847259078656
747743932180639744
747736870734471168
747731512347475968
747623749545930753
747456078451900416
747422881861120000
747395477277016065
747371864285057024
747343893906153472
747308339671928832
747262819372916736
746993882831872000
746992934260596736
746992350463852544
746991363405713409
746990511974539264
746988251018190848
746987818208026624
746986928373850112
746984911127490564
746981998741225472
746980434123251712
746964613598580736
746959712541782017
746957048223404032
746954796108648448
746942550737461249
746738034775728128
746705508216635394
746684173377691648
746643275914698752
746630305277063171
746627598441058304
746624887146479616
746622369578418177
746622019601465344
746620866767663104
746618664732897280
746616875656712193
746615065944612864
746605030933815296
746592823793750016
746575453490581505
746571201015754753
746568990370078720
746567269874966528
746562974635065344
746561967255498752
746561040742178817
746560470706847748
746558113092775936
746336266283712512
746335075193618432
746315287872475136
746308885938475008
746304706780160001
746303012562296833
746299028015505408
746294526570958848
746292833292693504
746291412434489344
746288828453793792
746287833111920641
745934285610299392
