1020127286786322432
1020102869314252800
1019835207438893056
1019558076074954753
1019503892189466624
1019152443848851456
1019107765950660608
1018401903833591809
1017687066686050304
1016515684510003201
1016250582036705281
1015591202974982145
1015071275910230017
1014838519049535488
1014826129822138368
1014421068142952449
1014022438986739714
1014019316100972544
1014016503211966464
1014015369453846535
1013748007903248385
1012529573689344001
1012517251902083072
1012508118935220224
1011904675287691264
1011876220877733888
1011841558990032896
1011542015287279617
1011523545719959552
1011464366669983745
1011461190646575105
1011449563167612928
1011416499230146560
1011085041747689472
1010709071530377216
1010702379228860416
1010024078726447106
1009636966386708481
1009337903711830018
1009009222237843457
1008629027832074240
1008154102092558337
1007524990718115840
1007475826789474305
1007169203776905216
1007113562446184448
1006830685238145024
1006384583900741632
1006342151070859264
1006083283371741184
1005980599021006850
1005975864608153601
1005697025524920320
1005629078655733761
1005051411875282945
1004987668315320320
1004366218013261824
1003996071368876034
1003546248501125120
1003502478409650176
1003428442136764416
1002751459077775360
999940762836979713
999866468010377216
999615542314000384
999598111302430720
999517139055755264
998736252567371776
997298426902593536
997270720337010688
996714512949493760
996655390929514496
996608855835525120
996560367160512515
996228042438537218
994496888228397056
994127117217554432
994125791045730304
994025826394849280
991864257670135808
991219974231355392
990103980482019328
989820491060858880
987167534632730625
987133705624797184
985188025838723075
984391810880487424
984339666743644160
984326046857158656
984239812222701568
983177314887352325
982179777434992641
981822562928766976
981769427556315137
981550924865847298
981176434407350272
981100322356576257
981051152253960193
979535617578098689
979291800450969602
979238202316750848
978909597367877632
978846994562154496
978190874902282240
978093813506785281
977090151288418304
977086949340008448
977085469950320640
977056867204579328
976731101539418112
976644530328895489
976634258524553216
976628494334504960
975905816363466752
975306378666377216
974558508577259521
974457573347741696
974115724397432832
973860240952197120
973811753564999680
973500542507917312
973392180462084096
973130645475024897
973126389187543041
973094415345397760
973082284315168768
973069196064993281
973059957410078720
972856664930971654
972856228270370817
972490523318431744
971948927875301387
971935858772271105
971926153828098048
971639809369300992
971607281614770178
971598767186092032
969496210187853824
969124654542503936
969067896797151232
968864257159737344
968293941014552576
968031585080459264
967939243258466304
967733453776084993
967701729327300615
967269022860427265
966886917445832704
966841374480900100
966529910998106112
966480887662575616
965512961061150720
964412686879506432
964023709928325120
963692690750586880
963651945994096640
963594421831745536
963302265003040768
962928933539729413
961847339114573824
960773424372068352
960160044703629317
959003389760647168
957544712440655872
957066570433363969
956814537910468608
956806517830725632
956777266133983234
956511506950049792
956433777294585856
956352667617411072
955740515659538433
955739899147120640
955665899192664064
955665667197362176
955664101211910145
955358660745601025
954273573878689799
954272679158140928
953462963863658496
951679076133101568
951366180794638336
947483659409408002
945946996027691008
945943688009486336
944049710616027136
943740417786257408
943667861335052288
943657851960008704
943039290929541120
943034536677457921
943008214584401920
943005816025575424
942992467355344896
942759047752695808
942315732385144833
941593305120247808
941545101100064768
941230277593939968
941229116405067776
941114894966964224
940138572455096320
940063706133577729
939776554455977984
938660461746065408
938591250776649730
938569923424428032
938268462085914625
938259195970838528
938211803833573376
937920112174161921
937568809229066240
937545295629393920
936506368088928256
936452454593413120
936083346362216448
935783911182831616
935698346806616066
934967805643964416
933913241909993473
933887216438226944
933258058196643840
932895076937633792
931421300936937472
931364531594444800
931075097896542210
930700800313188357
930430825488719872
930326374908248064
930014969285918720
929898247203667968
929892290973143041
929644321908834304
929509223653871616
929302591397416960
929283304641069056
929280411812872192
929278146536493056
929244445979041793
928948193202544640
928477790105624577
928290136831463424
928101958077972482
928086689712521216
927779135480528896
927465434391101440
926324324234969088
925966700561838080
925930775211421697
925907702789709824
925637089500192768
925571683766775808
925550245320069120
924579860265148416
923490241817673728
923098849484324864
922383361582145536
922382769350512640
922106695421005824
921768876043468800
921676600717934592
921630028059652096
921562706368282626
921303872018063360
921302277687713792
921300377881866245
921244838246326272
920952055493095424
920949728652664833
920947946987905024
920928563704074240
920919079854018562
920817527151738880
920624653466398721
920602551355031552
920579481366011904
920562929463803904
920535246260510720
920495749258973185
920478934843539456
920230414786031616
920221338781999104
920219083886309376
920214827527651328
920173746723241986
920125172216037382
920120870827208704
919888609947160576
919886516372914176
919862474815557632
919862289603313664
919858493712035841
919824451394420736
919763682036408320
919761021606051840
919752434494214144
919580405719642116
919544911073910784
919482127128838144
919437672938012672
919372412872826880
919225056114257920
919163250461196295
919153406077308928
919137580452421632
919135685457494022
919133736800624640
919063652350623744
918770631319076865
918745513943379968
918741828295258112
918414929069142016
918376175218524160
918346724438978560
918312726123880448
918230273732386817
917902218795167744
917564795947171840
917406589635592193
917213583532019712
917004495053135872
916996490031071233
916863309026025472
916802423280111616
916637330085093382
916228110382538752
916113225728524288
915959219639132160
915957006086766592
915956117838061568
915955620603240448
915877955347214336
915509879720124416
915144383040602112
914034268455575552
913725654658514944
913611191708114944
913331194959323136
913243000146296832
913210228887273473
912264582231502849
911143841767481344
910485089493983232
910067737107431424
904241681398087683
903561667237240832
903553967287914496
903205404888285184
902697855722205185
898100132926824448
896933574921682945
894458594539651072
894435035247292416
893060604633665536
892993857083777024
892275105723596801
891190733666885632
890915234218557440
890492293068619776
889768627930517504
888329453956288515
888203345168539648
887959415881572352
887935714033156096
887604151403675648
887492523454742528
887252582988562432
885865394690338816
885417094820515840
884571897278513153
884335545236635648
884274650435338240
883463519370231809
882865347929415680
882849940417855488
882102585083052033
881479770927546370
881113901571596288
880992783611207682
880758725790711808
880752696285741056
880610864054714368
880284683086348288
880267629604225024
879991336861974528
879542951646330880
879352604878229504
878852330816380929
878573578525876224
878426484980961281
878148761289019392
878138695865352192
878095844355874818
878088249616379904
878079591457275904
877802164927700992
876246475201576962
875625626756988930
875273592539197442
875124478967136256
875041091917012992
875002023514562561
874975032698560515
874972792445214721
874920889317552129
874906201452150784
874879871486488576
874496415422046210
874175826333319168
873426160608100353
873344618577907712
873340147709779968
873339782415253504
873339542148792320
873063222399586304
873037244176543744
873037034457145344
872384075918708740
872313286368387076
872004176175177728
870527568050405376
870485522065481728
869828201471655936
869074278267797504
868683276818436097
868020138347446272
867989137864839171
867872328452984832
866919344860614656
866894334167089154
866167013323952128
865426019221618691
865099051829665792
864994896507043840
864762909720682496
864386164156907520
864385500357902336
864290943578456064
864289036168445952
863613524072742914
862945704880218112
862482535464423424
862260296231952386
862238389226971136
861488635970953216
859635302448721921
859424459186249728
859325119910387712
857870153328885760
857552292710563841
857131606867365890
856859478519578624
856803440676093953
856681552016621568
856439313495539712
855234822691737600
854905195972644865
854871909237891072
854671297699225602
854143939909005312
853614467136995328
852783462964645890
852780417686020097
852724048354197504
852702696658223104
852357154539307012
852340525260718080
852338028806758400
852093372139524096
851649797463318528
850192659016630274
850191387161001985
849910450925953024
849842969490280448
849836645834555392
849570095860916225
849540221242945536
849529305751318529
849445430488334337
849197650725396480
849197067448836096
849194215992995840
848823090662461440
848820908252778496
847747645707767809
847737580439216128
847322669427023873
846907355291779072
846651611279585281
846296929055137792
845230922089693184
845098306883616769
844475149407547393
844465657806819329
844414051908227072
844014407613005824
844001600997752832
843345593493737473
842641313962983424
842610665885913088
842553679223836673
842217929559040000
841999925646843904
841539868802994176
841510157146247168
841229804242259969
841099518359744513
840050126576001024
840017663371882496
839770588503654400
839733637645901825
839684045378207745
839405570880757760
839401658656313344
839400126367965184
839334539591720960
838672252954529792
838634553237331968
837515494366171136
837511235901935616
836860770289868801
836149276631687169
835770096614162433
835661834606632960
834696951358631936
834579627859324929
834337650991443968
833947416294420484
833572338390044672
833550860449755136
831821320249675776
831804501166157824
831675239188701184
831118317897125888
830653509456375808
829990507174457345
829607857322553344
829256603304153089
828911504913113088
828531659234349056
827100300129423361
826709161035526144
826341391705845760
826300846153404417
826288928684593153
826219554497982465
825984614778810370
825617060591923200
824932853636964352
824824170982682624
824499419571576832
824460643562500096
824206019207172096
824158651883589634
824097692544446464
822728529083142146
821934525039013888
821289798161678336
820605934024073216
819848918976458753
819449340833898496
819399792560246784
818641294570373124
818334764335628288
817646093970247682
817587336682708993
817297121321762818
816982105548681216
816545932267241472
815895058977173504
814334967237013504
813990905694724100
813974308762447872
813663611511971840
811788110816165888
811506921282801664
811501828944760832
811408066096660481
810763673295671296
810722174625419265
810677434966163456
809985379369566208
809694098873405440
809066526213017601
809007827981193216
808997713811410944
808881015749869568
808639427094249472
808583672064376836
808531140403281920
808501160420077573
808128427320483840
807487662739181568
807149941571264512
807133071447203840
807113434244390912
807057368223653888
806685151090442240
806675850934353920
806425634708680704
806347758059696129
805962520368324608
805953878269128705
805623338408165376
804586418617974784
804530863929102338
804246041755193344
804242302688366592
804206814640246784
803901148188921856
803899168955580416
803496622621495296
803495361763385344
803455905274568710
803455167471357953
803443655189012480
803159212566179840
803156099847241729
803048440137596929
802072542571675648
802061360989224961
801996821673353217
801686141686595586
801644889502949376
801628733228466176
801601029552803840
800997067195699200
800994381884862464
800940245894119424
800623534787600385
800620173518508032
799549691797143552
799543747600142336
799543051907633153
799503422022107136
799202149930438656
799170817774874624
799142719721353217
799123933261754368
799121507968421888
798804441298108420
798782289131900928
798741213595607040
798735762199982080
798374193712640001
798370044325478400
798110945864126464
797019540634812417
797006088843341824
797003348507377664
797001107524358144
796928655725195264
796631571730206720
796553324048871426
796281724271374341
796261364310249472
796256068183543808
796184719079546880
795901128563048448
795540178722955264
794471222541107201
794200987476967424
793361377767231488
793305176211730432
793294604170735616
793004886145183744
791563252425633793
791510366891024384
791474084282445825
791212112869675008
790860506156236800
790793966350249984
790772261372387329
790478423642611712
788681611646676994
788616809180196864
788610095282327554
788554859058335745
788248711876849664
787830143125368832
786495103124725761
786401710990241792
785765268588892160
785733068921286656
785732713604972544
785732594981703681
785732439230386176
785732366824189952
784337122954129408
784330977795379200
783665452740255745
783596724459741185
783229074378338304
782756942556966912
781711025024499719
781427986566307840
781333974794641408
780703154547544065
780702289266749441
780234787470516224
776718281839218689
776667016069455872
776298234406842368
776045218801995776
775246723216048128
774171087500259328
774150016411635712
774098954455687169
774093993701322752
774087493519941633
773816073766391808
772975195040550912
771197864743608320
769105358769885184
768736481204592640
768013171986542592
766536056782979072
766486393212145664
764992367564771329
763946153352179714
763935919451680768
762562011091787780
761138038441250816
760725657882091520
760723074933219332
760392771626672128
760389188034240512
760320141812834305
759968328383279104
759964441874006017
759347618510086145
759335272811159552
759002938580754438
758922256097562624
758917490306981888
758586817343991808
758565213687783424
758560873501765632
758118913032855552
757811316299923457
756416506049679360
756400186457370624
756398257316646913
756391881475395584
756335290164342785
755709509406855169
755707995363811328
755705047325941760
755702185971900416
755697283161657344
755693975340580864
755335658760089600
753879102168240128
753134181694058496
752795344459567104
752268296095801344
752100164387508224
751789219798888452
751744877998682112
751738726498201600
751712362969772033
751699379648499712
751690822513332224
751643955670896641
751642610297561092
751434747469934592
751388875768029185
751362150510292992
751284027504488448
751277252235501569
751263059319005184
751262194453450756
751261494512197636
751260147985494016
751257444584566784
751257213608431617
751215877010239488
751206858346536960
751001433168687105
750993029209559041
750989495223267328
750985696190472193
750984151575080960
750956853975064576
750890591626539008
750630514051063809
750533093191094272
750506872461930497
750268139032571908
750228769240064000
750225355949035520
750170092361555968
749929731512868864
749924676676120577
749922997763346432
749804653882150912
749590078633021440
749580543222648832
749561934404460546
749553516486680576
749532552415760384
749524631027982336
749437743038476288
749195590152515586
749193837445124096
749191651923419137
749189330954883072
749187397238136832
749186655123218432
749185082812821504
749182989695799299
749180063434706944
749178801645424640
749174469495631872
749173807777144832
749165221533487106
749163448479588352
748854329457594372
748805552373764098
748722984689410048
748429198411214848
748406486678667264
748353632832086016
748140210530091008
748134590292725760
748123989097144320
748108747570962432
748108129942921216
748107651968471041
748033660528504833
747976944805785604
747975527999246336
747946247462359040
747743932180639744
747623749545930753
747456078451900416
747422881861120000
747395477277016065
747371864285057024
747343893906153472
747327197686292480
747308339671928832
747011981773701120
746993882831872000
746992350463852544
746987818208026624
746984911127490564
746980434123251712
746979058152464389
746959712541782017
746957048223404032
746942550737461249
746738034775728128
746705508216635394
746684173377691648
746643275914698752
746627598441058304
746622019601465344
746618664732897280
746616875656712193
746605030933815296
746575453490581505
746571201015754753
746570038899965953
746567269874966528
746562974635065344
746561040742178817
746560470706847748
746559892492718081
746558113092775936
746555148059566080
746336266283712512
746335075193618432
746308885938475008
746304706780160001
746303012562296833
746299028015505408
746294526570958848
746292833292693504
746291412434489344
746287833111920641
745934285610299392
745855716502667266
745630490690936833
745629992768331777
745600183480684544
745598478420606976
745592383186735104
745562363139489797
745544657803714562
745541612994846720
745469063267160066
745468558214209536
745424327856644102
745423831448223745
745413023657926658
745272133899563008
745102602140975104
744872405143683072
744862965682212864
1039072049602256896
1037585836806533120
1037524743539240960
1036903712906665984
1036827681264885761
1034983945497063425
1034978411989483520
1034352176049479680
1032929347764596738
1032439003469901824
1027433327991508993
1027174978997743616
1027136770909949952
1027068221189320704
1027067540466368512
1024869201985425408
1024869041117093888
1022046607905157120
1022043962465349632
1022040445583425537
1020286664059437056
