1019808998940295168
1019807781044416518
1019487995823443968
1019433336840704001
1019432096383680513
1019393400779386880
1019145604830658565
1018082943858692096
1017686793691385856
1017647333780025344
1017643934124609536
1017619592955322369
1016893827599118337
1016601681679618048
1016129292835549184
1016125854571614208
1016122658016989184
1015463041910140928
1015430352670617601
1015363224164679680
1015142546677235712
1015067555294109699
1015066207597150208
1015062212526759936
1014761624278712321
1014726730248941568
1014417460349558786
1014417074251165696
1014347019337363457
1014346557255122944
1014343916504510465
1014342798026334208
1014342423063904256
1014331674962718720
1014304339370782720
1014303736510889984
1014303288114626561
1013729778585690112
1013729257443360768
1013728530411110401
1013001940626620418
1012563895322492929
1012562557209493505
1011781769035542528
1011779508163117056
1011774129442209792
1011771116572966912
1011562242796470272
1011495514427158528
1011495082111823872
1011176829497978880
1009702929211641856
1009327787285475328
1009316797793746945
1009230176658452480
1009228502812352512
1008938671658000389
1008937945191944192
1008937211989929985
1008936826667536385
1008935945503010816
1008596820065316864
1008562653428510720
1008521602089140224
1008496678360379393
1008236008347799553
1007156539117821952
1006812190773579776
1006696706761621505
1006694368827224064
1006690938662473728
1006689165952651264
1005275927574532096
1005273629318262784
1005268996348710913
1005268352615440386
1005267938662744065
1005267456657580032
1004242946168795137
1004242650642329601
1004240784088969216
1004239564305625088
1004238444086812672
1003885920557285376
1003885713316720640
1003526831348187136
1003522753209626626
1003519246096220160
1002096269676892160
1001727663289942016
1001715832353972224
1001630066596462592
1001626483960430592
999925024826966017
999587651190599681
999538679553998853
999181301138636800
999165541657985024
998793644738924544
998793504837939200
998793206182498305
998792399479439360
998466479468171264
998429465116950528
998424622428127233
997308643123974147
997307246647242752
996970806855942144
996969993605529600
996968593689489408
996655980816490496
996654382157475841
996629521066422272
996606001171259392
996605220162387968
996562728000020480
996313216329252865
996312949005336576
996311982595702784
996311531406020611
995900433708138497
995895557112528897
995894030004187137
994867574046420992
994861893822140416
994860335805943810
994125065343057920
994078672347856896
993737412718182402
993736980599992320
993736412007575552
993732285575741440
993731334106300418
993671682937180161
993377228040765441
993300618579083266
993298797961728000
991564554353033216
991550468458401792
991549385925320709
991548522854936576
991548107300061187
991546839483609089
991486056997404673
991473076025020416
991207745918398464
991207554142224389
991207395417194497
991206975634530304
991206809057689605
989787958994583552
989786282032164865
989785397562494976
989783851835670529
989782318825914368
989763031713263616
989385142853550082
989377775197798401
989365515939278848
989325648341618688
989045153854840837
989044781014806529
989044401002381313
989043163925970945
989042219238772736
989000946280640512
988996343027793920
988994691512217600
988693785386274816
988693480628043781
988400839059357696
988303857225629697
988283435406966786
988281192339324928
988279785435508737
987518365634740224
987517808702513152
987514323361648641
987510199274491904
987509409591975936
987508830576635905
987479622664126464
987196425971761152
987195548821176320
986840009134170113
986839759610785793
986839546309390336
986839129982885889
986838658526298112
986834122650796032
986503195554856960
986491702847262720
986489687509315584
986476951236837376
986466520107597824
986464674471276544
986458307576479745
986114745299173381
986113126905954305
986072071103922177
985745402866511872
985699090104135681
985698040534085632
985697520020934656
985692657832738819
985691273502720001
985690011625390080
985688156535013376
985683874184290306
985681960319074304
985681369979170816
985681247732039680
985046059456974851
985045562151002112
984869615284047873
984700963448434688
984674981056360449
984668996552220673
984659330350723072
984618660785405952
984618198401101824
984332330167713792
984331602418286592
984330264997330945
984329400119246849
984328137134694400
984327435826036736
984327016471183360
984326556993515520
984250176335261696
983996578536022016
983995958076854274
983995296668684290
983994879800958978
983987914475491330
983987351163752455
983947601773936640
983947011106881536
983578165707616256
983577881006653440
983577691478609920
983577155169796096
983576940727566336
983495362085187584
983226956601671681
983224291972952064
983223194222870528
983218828883542016
983181489146806273
983179847647166465
983162636853428224
983159275164844034
983158229130608640
983157476622139392
983157026925592576
983028773695057920
982131107033317377
982129744320724992
982128278486925314
981802217291169792
981419959392882693
981417199456931840
981385100230356993
981384488168148992
981383759965622273
981362183450845185
981347302202724352
981346956030038017
981335744282177536
981335185965727744
981334692929548288
981328044706025472
981031188159582209
981030936669184001
981030775930863616
981030220886024193
981029893562499073
980967397476614144
980716957161766912
980716284366106624
980659115662835717
980658344435175424
980657788857692161
980656863111913472
980625071042539520
980623599315775488
980623268611637249
979551342694776832
979192456691433472
978905836956233728
978875077419831297
978858464612114432
978857651948998656
978857169029345281
978791091011911680
978542120632897536
978541779069751297
978541597041205253
978421364670410752
978129016862289920
978103541322493952
978102656676741120
978094890067226624
977397481465044992
977349699349889024
977348391540727808
977084860656271360
977053221519704064
976735037394599936
976693527387152384
976687748202430464
976687338125369344
976668693659770881
976667891033505792
976667314505490433
976666563737632768
976259665037152257
976258299661340677
976002036943613952
975904910112780289
975652493462917120
975650928266158080
975548976266076161
975546767029673985
974201187762257920
974200846429839360
973785491085676544
973782379084075008
973781790249881601
973781127671549953
973718540921446401
973480353510842368
973479814471458818
973477468689412096
973170918410240001
973169982807789568
973168448976035840
973162443827367936
972632847377838080
971963560770224128
971935614051340288
971934956376047616
971916805143805954
971630570131177472
971609531225485312
971604094073806848
971596279116546049
971577034710241281
971266632512307206
971266403692109824
971265431372812288
970963955613974528
970963291949359104
970598091752484864
969129437349396480
969129004543369216
969037825227112449
968731162477760513
968674859147341825
968000932981047301
967999028620177410
967258943805206531
967257905769562112
966926876219289600
966923395815231490
966607559699324929
966605984901644288
966553459448168448
966167003177172993
966165624584945664
966099321132220416
965799487590445058
965798660993724416
965798225172025345
965449605457457153
964799038380916736
964765544711770113
964764837459841024
964393234616041472
964392568489299969
964392117291311106
963688870528208896
963641666010845184
963317137526829056
963316089315778560
963229802130894849
961867879007248384
961849062034087938
961848547418099713
961819718263889920
961778875159134208
961456948192321536
961456578825043968
961127996538216449
961127377785978880
961126739387863043
961023670578683904
960763093847392256
960478916866588672
960464911200473089
960398542580850688
960396248275566592
960393835502125056
959337681569292288
958921211634855936
958917374857560065
958563826907086850
958504193630789633
958503928299057152
958502774525710336
958272371646853120
957872646607142912
957872534694723584
957862646329442304
957859163819802626
956783912960778240
956781445095149568
956488029023092738
956486810892292096
956032215036678145
956009661718724609
955996748996001792
955995965130878976
955960893665259521
955960256747601920
955951909793234944
955332851393642496
955331918760787968
955293241661833217
955292460372041728
955256607734095872
955256183601840128
955254018787311618
953784611334537216
953484465614946304
953483757171892224
952784671451967488
952770436810424320
952051473440899072
951994167239983104
951993334704189441
951605292214640640
951603137705422848
951601944979623936
950965860511793152
950886032915906560
950883510855745536
950882979433275393
950593424129908737
950592875615502336
950591773792911361
950590983846035456
949080993033461760
948822800235507712
948739293152886784
948708663757217792
948703153704255489
948346998972858368
948341700589580288
948030390781886464
947995530013032449
947706375727079425
947615680316059648
947614544146264066
947611146894196736
947610102470545408
947331746567032832
946580284748607488
946579751057088512
946297633944956928
945876587760689152
945876097928806400
945844434431754241
945524908699787264
945523727428591617
945522357862408192
945521940940308480
945521384939175936
945459114691379200
945155421723009024
945151586648465408
945150699654074374
945096673109217280
944847868237459456
944104932688269312
944077645121142784
944075963477803009
943745922038611968
943744441277325314
943719339823325184
943633763363205120
943435250155249670
943387773725065216
943387117060632576
943274246100439040
943047285780262912
943046652406857728
943045817367109634
942641058927616000
942634687679234049
942603967283937281
942601435560124416
942568179003301889
942566020501270528
942563597481271296
941965237263073280
941964015416197120
941527457118560256
941526186580066304
941525652263518209
941524940238479360
941523693406101504
941523144384299008
941466826449371136
941221081020375046
941219261841682432
941212666915315712
941103708535848960
940860932309372928
940844089662230528
940842409583431680
940438476511514624
940436285151252480
940407764303585280
940052942803034113
940018876053471232
939683434158473216
939359047844687872
939011497610551299
938962864458514432
938961522855854080
938678661875580928
938662504707760128
938644533981544449
938599004635463680
938264006694879232
938224744997863424
938199574002331648
938195923682729984
937942516560674816
937940411170963456
937935839249571841
937935296603103232
937928664817135616
937903699736666112
937539699312271360
937537089884663808
935771899971465216
935721769285144576
935648681168011264
935001693539807232
935000160005890048
934999103687110656
934294281644261376
933214156005576704
933189378502901760
933188134677786624
933134062654439425
932789120077783040
932508813512413184
932506605257551872
932505608091197440
932504447929827329
931730352091029504
931729605219704832
931676984295358464
931676671706521600
931330504980176897
931323126696128512
930684777254019073
930263414156410886
929936265926938624
929910208096223232
929660554951589888
929566829437243392
929566222697541632
928909265477148672
928890971860770816
928841267592622080
928531578531270656
928529948901457921
928494702852300800
928150880221773824
928135174235328512
928127335898873856
928126557696049153
928125759402553344
927755547004358657
927725448473198592
927724872771420160
927723680523620352
927723078087356416
927722202308288512
927431928151662592
927365039375360000
927364429959675905
927352552458350592
927351985031888896
926743378347171840
926003160048549888
926002456680525825
925572453715271680
925215305399402503
925165664674840576
924852841235193856
924847622086471680
924846684416368640
924520609224253441
924152219233947648
923787520319545344
923786666719846400
923785986286292992
923784611754164224
923784326109577216
923767153223856128
923442771385491456
923351165332463616
923079802478723073
923079513268895744
922706606747475968
922152070974554112
922131298071613440
922122269215694848
922117908104278022
922107876927094784
922086712959942656
922082841575301120
922071255003545600
922059898367741952
922057080554393601
921633117483368449
921631110227935233
921618600049262592
921618185584906240
921613368355471360
921583319229259776
921579909125873664
921394192777076737
921377299030622208
921376888035074049
921376352141373440
921376292175413248
921340897416974336
921304044529885185
921303413740126208
921277376096374784
921276038587457536
921215963235631104
921213862422102017
921201553549094912
921201362335023107
921200966019379200
920940007669481474
920928421143724037
920873181648474112
920871549732876289
920850735587196928
920850296351309825
920811282676170752
920649084758736896
920564293862432768
920563973564411904
920561212173164544
920548274116771841
920522621380452357
920477969910464512
920463688737243136
920438995145781248
920213050786947072
920187540413472769
920170236288163840
920138797538467841
920104674623086592
919877886982672384
919847098794754048
919842240041590785
919839572518776833
919829600904953856
919829308968808448
919827392331264000
919825357863206912
919823663284723712
919821594851098624
919820735639568384
919817858183454720
919816101193703424
919814939421810688
919803498748821504
919793136842424320
919788949324800002
919784222876766210
919783476106215424
919771410419007489
919761060760088576
919758128912072705
919721012031209473
919549777548754945
919495332265803776
919428542512775168
919426631487307777
919422775281950720
919406985912705024
919229135016288257
919107738197639169
919035388395626496
919034628765138944
918996622129864704
918883371324882944
918763271938641920
918719087416549377
918717430393798656
918671613054238720
918668398158004224
918661419700125696
918659496670519296
918658260801957888
918655737714241536
918655203443859456
918646045701300224
918641955206078464
918631880685060096
918398263979413504
918396060774555648
918135379143696384
918036559395414017
918023086116454400
918015808390836224
918006521467830272
917905814995611649
917691894909378560
917691824529072128
917691714202066944
917691456940154880
917691290149462016
917691093830877185
917688286663000064
917688038532071425
917686782388453376
917679991453863936
917634055813730305
917629477395488768
917625978804871168
917622106006855681
917549467431182336
917541126717956096
917234971298770944
917228333766647808
916880523607261184
916877124601909248
916560958872604672
916516105803444224
916317468129296385
916276009137086465
916274321487667201
916246772992708608
916201565458907136
916185489677225984
916184602309419008
916184139669184512
916183705936306176
915887866760138752
915882223810756608
915850138861543424
915499215458988034
915434711891165184
915135128526974976
915106345430401025
915082665375567873
915016656639766528
914807175536619520
914805942805463040
914748306516873216
914727331620515840
914681876920586240
914669800470614016
914379110033567745
914376651160535040
914376111118848001
914356444954103808
914325941559623682
914089412929212416
914010507857686529
913986686802997248
913972751412498435
913968147073347584
913733890770178048
913719889482993664
913711752122130432
913711745444777984
913711739862224896
913711705116626944
913711528926416897
913702988476063744
913620265468231681
913619494873964544
913582252881260544
913312521729196032
913281832229023744
913279662071205888
913279590755442689
913279462669680640
913279398769496064
913279375239520256
913279252354813952
913278905674584064
913239952489570304
913238089375477760
913236328308809728
913197401640378368
912990154482008064
912891835902828548
912888074656468992
912628692265742336
912628223258660864
912528784594571264
912528028579672064
912497791498252289
912477077709844480
912234222588329984
912208479393275904
912161716531634177
912161048433586177
911742684867518464
911549097319964672
911465266051137536
911433241311182849
911064188683874304
910774546189344768
910769507601326080
910666341337636864
910406005078372353
910391593420562432
910346979036876800
910345897023868938
910330838549544960
910044285264728064
910005410890838016
910002149987364864
910000357727543297
909602454236303360
909601742257504256
909219744204632065
908936656635387904
908936338669428736
908567124733444097
908566424959856640
908552675309924352
908507729890643968
908501320956391424
908478897934655488
908451988563574785
908246357340676096
908245031009390592
908122731425579009
907839490944851969
907837360095809537
907825481176797185
907793158511091712
907756611774570496
907525316163153920
907525169169629184
907524090419855360
907163804760342528
907117599703547904
907116583000010752
907043547450241025
906698518575718400
906697517898723328
906360372021440513
906358900345077761
906350224326631424
906328449215631360
906069588349030400
905741382874054657
905703782129975296
905699742117650432
905692789228179456
905674194058219521
905265472899227648
905264841773858816
905264203723710464
904956984272740353
904887224298176512
904885096712331264
904581956930723840
904561505990959105
904554877040205824
904532482422444033
904512508957925376
904511850376683520
904501704627961856
904498860717875200
904244217492381696
904244040450768897
904184284659019778
903500311314087936
903498819303727104
903497989322194945
903173367683055616
903167549751279616
903164571698962432
903154803047632896
903153816018739201
903065485683523584
902767732411834368
902750441674600448
902440080630988800
902439701176623104
902422649329954816
902421752319426560
902420795627937792
902386101276483586
902351146949345281
902033221302358016
901964131674320902
901709949301952512
901333116953874432
900996130808283136
900989971263143936
900936736577953792
900893950323576832
900892006716547072
900889530663931905
900616603556958209
900614930524549120
900210337533882368
900209706697936897
900208832370102278
899897410033508352
899819864465920000
899818361676210176
899817309098745856
899815195068866561
899106083913867264
898778770265559040
898728304353484800
898448911039291392
898380047479787520
898377694861082624
898375957911805952
898101632008765440
897724196406611969
897677730023587840
897677378528456704
897676510106198018
897649850757640192
897609872153337858
897291871013060608
897290445243400192
897286879174840320
896965444208218112
896963546398867456
896961802650517504
896578932153044992
896311411902525440
895852595914264576
895851729400455168
895850825666355200
895844343021481985
895567318243094529
895566209818558464
895506175684354048
895474288026763268
895439037493682176
895168719390994432
895166909930459136
895165570789888001
895163796448268290
895150413057585153
895149841583665152
895149043214692352
895094333099065344
895086495953899520
894831829907193857
894830946792243200
894829825180934144
894828389399277568
894805066552659968
894779601741807616
894717263672074240
894715843514294273
894386695965204483
893675884997091328
893673921244938240
893344151260979200
893343027309142017
893342237001629696
893291429648322560
893290830089289729
893022347942297604
892626233325830145
892608285055959041
892582240865202177
892230065798266880
892208429896421377
892184730849783808
891946368104660993
891922989377241089
891828083228934144
891596236985217024
890397480575258624
890359069210320897
890091285058596864
890086974731825152
890052838583173122
890049956844683264
890043435142574081
890014283471269888
890000047126921217
889707630087643136
889702687771459584
889700912096198656
889348473170010112
889347489655947264
889313856719249408
889304856015581184
888955677418414080
888297555892740096
888295955983773696
888285636351766528
888215862192226304
887935146535653377
887585309734559744
887570468663812096
887555846909042688
887531176172199936
887527525915557889
887505623201468417
887503194665828352
887497438562365440
887179619450863617
887177551591768065
887114723128295424
886425766669373441
885726885778300928
885395194136338432
885343879100153856
885342106239156224
884985528634007552
884973308084707328
884972621225316352
884931808235630592
884637400776884224
884608139168956416
884565377476247552
884251301827158016
884250850851405824
884210543984234496
884209695250030592
884157370753925120
884154927928430592
884041322520207360
883950139810865152
883949351394877440
883655516357931010
883654706894995457
883654470835380225
883654322306732032
883494209130446848
883493296932126720
883336422488293376
883276043317989376
883272284038811648
883270454714040320
883269204475912193
883265322450472960
883262183848558592
883261824702992385
883220195132588033
883213853462376448
883211074161434624
883210775849979904
883174857457795072
883172930502377472
883169855641337856
883169249325268992
883154144240050176
883150084858421249
883149495101468672
883094121052684288
882827729065922561
882811718816149506
882810450186039305
882793709472894976
882773590680027136
882758217180168192
882749720791322624
882749530751594496
882744810091798528
882743264054521856
882743010508800001
882742802173616128
882742554185392128
882741903380402176
882741720592601091
882579549841764352
882579409483563008
882579171108630528
882579013922947072
882578886579675136
882578738017382400
882529031395999744
882524564881670146
882426301776150528
882424426905559040
882193677610778625
882134252481064960
882101144926863360
882100763077431296
882100391080415232
882100237115850752
882095659280605184
882092345763803136
881773004752953344
881771871158624256
881711834033569793
881683608024432640
881677000750051329
881590484904288256
881536897012690944
881520937824174082
881518740793286656
881517428206850048
881509685618065409
881506106899447808
881505055269994496
881504985321689089
881502650172231680
881500241026887680
881499793284923392
881495260366598144
881494428514480129
881493582577717248
881490661618233345
881483973301477376
881468092504616960
881467974439157760
881165273377546240
881069490267725825
881055176538423296
881038723864961024
881024867423866880
881019846904889344
880975847724687360
880975263755976705
880960759835934721
880960082380333056
880957956451221505
880957617471840256
880956107790794752
880944749410222080
880940967624179712
880677352749113344
880673948341587969
880654829181431810
880653971609747458
880648769204883456
880647999436795910
880647368009449472
880646710665543680
880645647044665344
880606500405760000
880598306006552576
880591723126071300
880566033806794752
880552005894197248
880343808533078016
880342666034135040
880342535754960896
880342380133707780
880293256273289216
880288535051329536
880286191139962880
880285291914944512
880276490453008384
880274560116867072
880249569786736640
880238029872353280
880227090594844672
880223371656667136
880213669610532864
880213383798112256
880005154749112324
879997399007059968
879988129352044544
879971498722607104
879967657226883072
879947457421078529
879938229830426624
879875532413837312
879860587940806656
879858408987410432
879849186019201025
879848146049785857
879644110503596033
879641504821592065
879628644401926144
879628072500068352
879604860257148928
879582575148187648
879548036556259328
879506711261753346
879495807703015424
879482658614632449
879481907100233728
879467955016286208
879317528819908608
879231456467230720
879195578491523074
879186675254968320
879180424425099264
879178947514187776
879154743511195648
879154133982248960
879152249800343552
879151035243085824
879126997997199361
879109932565405696
879108896811503616
879108536101359616
879108372099760128
879108021032435712
878813197951565824
878811945863872512
878800875191320580
878799644796436481
878798721051262976
878798158163083264
878797098690371584
878796530987053056
878666159003979777
878631942434033664
878626632570777600
878623303094722561
878597796663873536
878597015202127872
878588984166936577
878559134957805568
878551586510962688
878551338837266433
878535460393545730
878518484942151680
878508632815550465
878501534744629249
878500543320043521
878494629397745664
878475423696519168
878432884901560321
878432406184665088
878431930210861056
878430044476948481
878427892572729344
878426737398472706
878424100376530944
878399748620689408
878385025409925120
878379893003702272
878379216948969473
878378939353145346
878377130588950528
878268494470561793
878264391157862400
878240242968305667
878233776320544768
878232403684147200
878231632859234304
878228986945445888
878186539854868480
878153590291824640
878149115355332609
878103411404582913
878094837374885889
878084432950730752
878065569836052480
878055298673426432
878054729250611201
878054392011792384
878053385122992128
878053236770566145
878053031274627075
878052698679001088
878052311020453888
878052166270828545
878051910187491328
878051708663767045
878051271961321472
878050668564496384
878049913187180545
878037842454233089
877887181884465152
877816657170894848
877804088032768002
877796429237964801
877794839634391040
877779396567777281
877758666559987712
877749494116306944
877749491645816832
877745606495621120
877679804379561984
877425355992125440
877403461754568704
877397754586288129
877390555088470016
877378941345906688
877377172511404032
877358027866726400
877101322411024386
877100574310752257
877077677303148544
877056907369828352
877055666380169216
877050380412010496
877018966123618305
877002731495411712
876996328718450688
876995381380341761
876992257773060097
876991067886829568
876961949065629697
876707660212486144
876697240366075904
876656649859092480
876651659090305024
876650659835133952
876635204693012480
876629182272331776
876628477029474304
876627433054650368
876626674086846464
876625761699889152
876624185493041152
876355185559224320
876353127502548992
876352799302275075
876325266838003714
876314950473351169
876283854327357443
876282723471564801
876280536603308032
876278527741403136
876277011978657792
876274793976184833
876273399311474688
876271921494605824
876270885056860162
876257726128455680
876255195105116161
876253234788147201
875908485124202496
875907783341875200
875906873773268993
875905294043185152
875632924103557120
875629353102475264
875625224556892160
875605024851636228
875603725057900544
875602306170880000
875597451180126208
875580808286715905
875553617184301056
875543602042032128
875533847458459650
875262329998331904
875218323901825024
875171788031877120
875168648217862144
874922984632406016
874918583763128320
874905685934395393
874861653027950596
874860527226421248
874859504445378560
874858538774007814
874837988315992064
874820758546948096
874796915539320833
874788554836131840
874788421096660992
874556214755041280
874555114060529664
874552617950564352
874544593026523136
874514188797845505
874496917392113664
874460468860952576
874187818859241472
874180072378429440
874179990992154624
874168688995205122
874157210154094592
874150436801921024
874150187849076736
874149126870507520
874148720706633728
874148251565309954
874147850556325889
874139156326240256
874134155138936832
874128346275172352
874122211656777729
874069270392524800
874065345610252289
874055832916287488
873748133024374784
873747763074289664
873746788196339712
873745901033881600
873745156016488448
873744532306710533
873743956093173760
873743113503645696
873727405168500736
873705430836432900
873485221118660608
873467125716746240
873452020631388160
873450129512046592
873375904432402434
873310695038767104
873112776884969472
873107973681184768
873103383615250432
873103373750358016
873099231652757504
873096275238854656
873093613944569857
873085954243805184
873082091814113281
873081259651551233
873080847632547842
873070622456242178
873065250819457024
873039550729158657
873035049624494080
873007464555270144
872997963827744768
872986044408492032
872723400283668481
872695444823957505
872691258455539712
872679342404272128
872675216287084544
872668747177222146
872664908969656320
872640479870853120
872636731316621312
872632311807922176
872631678182739968
872620603932418048
872619968004710400
872348751142285314
872345577601847299
872339099738402817
872338280968224768
872335797692887040
872318095095984129
872313231372636164
872311117791580161
872309660463837185
872283230854029313
872277702035652609
872254468431032322
871959033292390400
1039343421805084672
1039341431939260417
1039038235710636032
1037925275764322304
1037884097022967808
1037650011381673986
1037586305394200577
1037569722089238528
1037567392983932928
1037520225107734528
1037513705620004864
1037506595112902656
1037231975013081088
1037231667755118592
1037231194264363008
1037230922783809537
1037230585071063045
1037228728697335808
1037227866209935360
1037227376562724864
1037227008244117504
1037226629716537345
1037224988603035648
1037221854069579782
1037201742906253312
1037200796855820288
1036798682354470913
1036798625953722369
1036502010386776064
1036418729922375680
1036417855615455232
1035435543574659073
1035386860799844353
1035327299715923969
1035323452788338688
1035321498834100225
1035088396933160960
1034969703196708864
1034694981221412864
1034690460504055809
1034677901684137984
1034673854486966272
1034618205715582976
1034614187656241152
1034611766892744705
1034610914891202560
1033966926173589504
1033964725799804930
1033959664470216704
1033907546031939585
1032496715633328129
1032495029300805633
1032494660281749504
1032493261464555520
1032176305213558784
1032175288338210816
1032174709960466432
1032174137475719169
1032082346906775552
1032065162553909248
1032064482355240960
1032062238138351616
1031795739058298880
1031770117284093952
1031732630339739648
1031423443755917313
1031422384085979136
1029985099306086400
1029982450921877504
1029981837056077825
1029640418546212864
1029596195025371136
1029594848595083266
1029522415871713280
1029218457240231936
1029217824844050432
1029194679038828546
1027792273432403969
1027791741825376256
1027416666886434816
1027414659215716352
1027407748126801920
1027043941785325569
1026995616025440256
1026994591633825792
1026992914029719552
1026732992364859392
1026632330813693952
1026271311109050368
1026269273008693248
1025609112501899264
1025608153319137280
1025205344782319616
1025203449531514880
1025201667145326592
1025200259343953920
1024907588717043712
1024904592553697280
1024552863475752961
1024465231106301952
1024464175106387968
1023794786879197185
1023352148463996928
1023350228416483328
1023056194267533314
1022671336420859905
1022669634976149504
1022655109258330112
1022441740526137346
1021974989111742466
1021974594821992449
1021972955612565505
1021971974610976768
1021968440263892992
1021910513842712576
1021591831887265795
1021591801868636160
1021579876988403714
1021579850363035648
1021250202710130688
1021248662649749504
1021247387023446016
1020939555682205696
1020935555289268224
