1039448486746312704
1039425834879086593
1039050865309437954
1039038285123805184
1037966422662557697
1037963701460975617
1037941054673059840
1037941052793970688
1037896968536641536
1037650020722298880
1037581179996651520
1037573632564723712
1037493101281955840
1037213761327820800
1037200648469708801
1037183561600823296
1037163201131991041
1036916802867982339
1036909253833805826
1036901706615808000
1036901704875225088
1036899188737359873
1036891636502941697
1036886978849959936
1036881571741978625
1036860219429507073
1036853888056356864
1036852111642750976
1036834288497393664
1036828375082360832
1036827957841383424
1036827265928056834
1036819159798054912
1036809577688326144
1036798657708810240
1036791277017214976
1036737364041711616
1036624178416254981
1036602229812125697
1036546866085683200
1036526731841003522
1036151761260568577
1036134146286833664
1036081082695729157
1035885004847337473
1035814221835956224
1035790216731099138
1035784341157117952
1035757792743763969
1035539205349236738
1035493937144721408
1035437051842154497
1035409373084901377
1035409370102693888
1035157545357168641
1035154534048251904
1035097313281159168
1035074665876574208
1035072147406737409
1034968969260584961
1034821514439213056
1034815060470784000
1034782740413964289
1034774608308629505
1034728469517623296
1034727376825896961
1034689629167841280
1034676104278102016
1034626069632966658
1034621214604455936
1034620947691495424
1034615045739536385
1034591481917399041
1034591320491286528
1034582475924623360
1034390155027595264
1034344857576165376
1034329052444676097
1034328474780033024
1034328293686669312
1034328092691447808
1034230186454134784
1034068031767343104
1033987149102809088
1033987007729426432
1033906969948483584
1033896905699258368
1033889823113658369
1033667895866286082
1033655865125957633
1033655254938615808
1033560772389953537
1033542066867855360
1033295441369096192
1033257259130712064
1033234627660414976
1033233789541994496
1033233562810470400
1033154449311641600
1033151996717494272
1032940647907377153
1032935330943365121
1032935038818500608
1032904749861855232
1032885242011348992
1032885238899208192
1032880205071699970
1032816024234553345
1032809272835358720
1032585765333549057
1032556689084493824
1032553544904192000
1032487618515062790
1032449869124759552
1032438367600893952
1032429740118794241
1032397045129129984
1032244669097234432
1032210794396577792
1032198211656540163
1032175561114673153
1032141794773848064
1032140117484294146
1032108547004194816
1032105099147898881
1032105096509775872
1032095032738627585
1031906287959719936
1031850923100790784
1031808141422354434
1031800590173528064
1031708615319597056
1031343936399323136
1031092817144176640
1030315809959075840
1029382154948567040
1027862214315716609
1027844523399901185
1027800405776904192
1027739816484454400
1027494719503327233
1027472070584676353
1027387009030008832
1027202794321666048
1026813904217825281
1026813296777674753
1026810208650031104
1026792592434843653
1026762393282478080
1026470470294466561
1026467954790002689
1026267441469345792
1026267234925076480
1026120664271314944
1025315676200685568
1025315328996257792
1025307809322135552
1025209661882953729
1025003303120265217
1024950454151573504
1024575482333814784
1022416255083470849
1022058902005796865
1021253596539580416
1020559172306288640
1020251995930677248
1020109655844900865
1020101918817861632
1019829208682397696
1019812803694088192
1019162315059367937
1019154770437652481
1019154767111696384
1017921060291973120
1017408087609577476
1017341985214980098
1017058347978067974
1016614600467365888
1016572378455818240
1016270765606359040
1016235500653273089
1016190087195836416
1016188956902215680
1015166466843295746
1015110247893987329
1014858639402651655
1014814751728197632
1014804611041931264
1014791994885804032
1014791482958467072
1014773036073955328
1014767321951264769
1014716343193513984
1014667392943734784
1014488150440226816
1014455042022076416
1014440361459003393
1014391855415320576
1014368018543939584
1014354209708302336
1014064327874134017
1013770013948313600
1013707264048357382
1013683549659017217
1013681229068038144
1013617707487334400
1013616943885008898
1013279746866606080
1012828929785094145
1012667912572686336
1012666784443273216
1012637049092911104
1012636618518220801
1012600538397962240
1012582431587647489
1012524376783114242
1012523761550028800
1012261449421369344
1012145983466045441
1012138281348128768
1011923768862601217
1011922510147776514
1011920360910909441
1011909777356513280
1011909583743275008
1011909386317357056
1011909226652844033
1011909011137064961
1011908724422631425
1011908552049348608
1011908353902014464
1011908061718446080
1011907791831756803
1011907533391343617
1011907319699943424
1011907105152851968
1011906664180506624
1011906332692119552
1011905980299280384
1011904747182276611
1011892543171096576
1011825331831894016
1011821294742933505
1011818954711445504
1011548461601189888
1011537160678174720
1011533498652360704
1011432621769756673
1011373939702943744
1011188680860491776
1011181509909217281
1011167698758205440
1011151588574912512
1011095010517716992
1011087639120773121
1011083846119391232
1010092704267579393
1010037283645341696
1009975316259827712
1009974665526194176
1009973369368817664
1009781754872205312
1009780879080583168
1009779833696423936
1009714159406088192
1009701084602888192
1009627861865488384
1009627291578593281
1009626425798766593
1009626331095552000
1009626187788795904
1009326056422105089
1009310308324659201
1008958849124954113
1008649085857906688
1008509050571460608
1008503601621155840
1008215776560463872
1008140653920903168
1007863809002762240
1007851479284084736
1007568633411690496
1007562623372517376
1007561137473241089
1007560303716884481
1007532052839727106
1007520020916629505
1007517950721417216
1007206541970161666
1007204090349121536
1007202988195057666
1007184012488503297
1007181171099348992
1007149291020795905
1007101474290130944
1007071275993321472
1006841951738474496
1006830903199334401
1006794043366563840
1006746005730029568
1006554080498483200
1006481635770953729
1006439068983386113
1006159832431263745
1006115582620471299
1006089601415385089
1005998000282333184
1005463201838845952
1005427686309675013
1005366574608367616
1005298256451067905
1005023460647567360
1004989416979378176
1004983612519772160
1004982448759820288
1004981205421285376
1004977974125318144
1004961974868893696
1004885245714296832
1004806790955974656
1004679576579014656
1004659443169030145
1004623514589061122
1004623120408252416
1004544125264322560
1004346046535761922
1004321121288609793
1004317867003691008
1004234758463766528
1004221998262714369
1004205213614419968
1004203272431734784
1004171079957397504
1003927445186068480
1003914778648010752
1003893720226279424
1003889460319158273
1003883128455172097
1003882624132177920
1003615329556168705
1003576106954309632
1003549592208617472
1003134807117688837
1002853654901108736
1002677841996099584
1002522639489908737
1002515675733037056
1002515165881851910
1002514320192778240
1002511426567598080
1002510922919755776
1002436200030851072
1002431045277401088
1002430498071666690
1002427723933859840
1002418225726935040
1002376658802753536
1002375658767413249
1002367503505317888
1002354848593948672
1002348839922094080
1002158612515471361
1002158027296796672
1002120144301187072
1002117443655888896
1002103922461323264
1002048416065634306
1002000931750281218
1001983432539410432
1001975597273317376
1001828824823226370
1001824709703434240
1001822243352084480
1001808175497003015
1001778296684621824
1001772525263585281
1001685736456904710
1001446657702088705
1001402056190582784
1001392211597058050
1001387823151267841
1001378117255028736
1001377644510724101
1001373876222246913
1001349470670344193
1001084525907083265
1001083930156544000
1001083361778020353
1000994973578231808
1000983551339249665
1000977115800481793
1000974221072252933
1000959698147819521
1000897155874275330
1000721507167883264
1000187818348457984
999987608619921408
999986312303136768
999953341642784768
999914484486455297
999884361167077376
999864287001624576
999623431694909440
999619489405616128
999593255481237504
999560695837483008
999559716433940480
999554958256041984
999551290312032256
999522984313348102
999478918146019329
999227501132988417
999227143472136198
999215678845403141
999213771372478466
999167625878945794
999155335624515584
998882455263170560
998877419137200128
998874156241309696
998858728563658752
998794249674997762
998772336332427264
998772303449079808
998532335019573249
998485943995674624
998473514515492864
998446787902885888
997766150460092416
997741598384373760
997735825667379200
997419478743855105
997375541370998784
997372398960762880
997306626469068800
997279969788096512
997041511349932032
997035677035327488
997035098829537282
997034898673188864
996936960458375169
996912319828447232
996640075235524610
996639217726836736
996611032557568000
996278291802701824
996270970229874694
995978204727861248
995974760617000960
995909187107307520
995894988566282240
995881319241474049
994844136581795840
994839892487270401
994785068051845120
994526134288056322
994506813700820992
994401448547962880
994150827009847299
993738955873927168
993649799424393216
993383675029946368
993283180709888000
