1054592278855999488
1054535397844250624
1054296322197532672
1053976714647195648
1053210007800401920
1052844253603188736
1052742682336944129
1052731005776232448
1052449148983742464
1052157226570276864
1052014433872969728
1051833146621259776
1050715226293690368
1050662376817668102
1050642245307707392
1050578642881765376
1050578585486905344
1050357869080502272
1050205831164096512
1050205780769533952
1050176675613270016
1049952701847666688
1049653227925499904
1049607927240122368
1049582763584540672
1048135726989160448
1048080361417134081
1047770823447040000
1047763277952909312
1047763274874273792
1047763091629326336
1047301197290332161
1047301110153732096
1047088829755084800
1047061145914363904
1046948917277908993
1046948649672949761
1046401605392695297
1046399557515468806
1046387608601788417
1046384402635218944
1046381512088678400
1046378732254949376
1046373524204474368
1045526031656841217
1045489470554816512
1044884304927514624
1044861654096379905
1044748408571842560
1044559666976411649
1044202307934543874
1043065625122205696
1041890071329177600
1041889994208501760
1041889906312667137
1040558297860890625
1040471451277570048
1040471081729945600
1040470792553676801
1040208494777925632
1040095245919109120
1040080930210164736
1040080746256392192
1040080651074990080
1039788224191680512
1039725735597023239
1039725594991316992
1039050865309437954
