1054898941538459648
1054645350923784192
1054250688081883136
1054182502686896129
1053190585257930752
1052787357085097984
1052787104994869248
1052786601791639557
1052786350838214658
1052031248158191617
1051357078051115008
1050271106903433217
1044777055353679872
1042971948387512320
1041870070945742848
1040498537534910464
1040060538355499008
1039705260028125184
1039019298767876098
1037930992093151237
1037929369946152960
1037927759454982144
1037258208870461440
1037238454692663296
1036449555376533504
1035493886410407936
1035490491444260866
1035483886594084864
1035481944488730625
1035467836309700608
1034311732422791169
1034002234390896640
1031713821616787456
1030280129526681601
1024459698425212928
1023804116491952128
1022756482381574150
1022652906648920065
1021733402163040258
1021644983869177856
1019868429052858369
1019515813819105280
1019464428138315778
1017678078166745088
1016575199741792259
1016574851010555905
1016573326880149504
1016571030385520640
1016553266560167937
1016552697850261504
1016551550074802176
1016129613213257728
1012264653450141696
1012194575643865088
1012188237618561024
1011510969351073793
1011142994697728001
1011124824272297986
1010478760833904640
1010085884731973632
1010079258775916544
1010019201933688835
1009977206154465280
1009680333929758720
1008605731287732224
1007443275144261632
1006349785090088961
1006028219538001920
1005348588459737088
1004266130083442688
1003465518085332992
1002418117899763712
999926816902021120
999924976185622528
997690137004785664
997356247635521536
994857142963310592
994140275894173696
994118574942834688
993723658924212226
991488043327438848
988319083945869312
987695113672409089
987652779761057793
987631800921960448
987578512864235520
986821826666840064
986821156651986944
986508881462362112
985692796525862912
985684869521981440
985684326351171586
984684626181480449
984684049200377856
984650279369912321
984606086211633152
983674464482148353
983580002909282304
983579916779241472
983563057216434176
980040954278117376
979961572301787137
979958086709346304
979956564533460994
979953310013603840
979951084004294656
979934012561960960
979918063301623808
979723371066740736
979279162136412160
978537720397021184
978449905583734784
978449401571000320
978044104645816320
977081030887616513
976995156686602240
976464404282671106
975972720360894464
975552785583239168
975542171917938690
973865166746955776
972970427965497344
972346155802619904
971652246025920512
971537743242174466
970544589785382912
970301460897349633
969492803976708096
969112539920347136
967354688558395392
967313361028366336
966947061785481217
966192779272572930
965783194397155328
965497105581162496
965391809617698816
964074856407953408
963679182982180865
963317064063631360
963218897531936768
963215402514792448
961163898303922177
961152509996826624
960365859582742529
960344521501372417
959709403866808320
959337324885688320
958947777039417345
958945247748268033
958877564688154625
957954569765453824
957169485978284032
956884453019680768
956869931483582464
956853199754821632
956666746076876801
956490114896506880
956420227096440834
956020508851605510
955350721058160640
954153392900722689
949173174876323840
947501084129370113
947499667004186627
944552686644379656
944524146972622848
944503918754590720
943044953910816768
939051823905648641
938277638556274688
937935850242850816
936103419462369280
936093993787469824
935771296855740416
935093904143147008
934956406880342017
934390304110624768
934387350817325056
934377501966483456
934350570923556864
934214628896227328
934209398699724800
933250317768056837
932893087830982656
932830241050959873
931067231236063232
