1054898941538459648
1054250688081883136
1054182502686896129
1052787357085097984
1052787104994869248
1052786601791639557
1052786350838214658
1052417270541107200
1050271106903433217
1047335620496904192
1047007205491400704
1046681966911733760
1041870070945742848
1040498537534910464
1040060538355499008
1039705260028125184
1039019298767876098
1037930992093151237
1037927759454982144
1037238454692663296
1036449555376533504
1035490491444260866
1035481944488730625
1035467836309700608
1034311732422791169
1034002234390896640
1032096338417090560
1031713821616787456
1026693746300051457
1024505062654009344
1023804116491952128
1023116309670707201
1022756482381574150
1022652906648920065
1021733402163040258
1021644983869177856
1019868429052858369
1019464428138315778
1017678078166745088
1016909973379379200
1016575199741792259
1016574851010555905
1016573326880149504
1016571030385520640
1016553266560167937
1016551550074802176
1014396273896579072
1012264653450141696
1012194575643865088
1012188237618561024
1011830865549090816
1011510969351073793
1011142994697728001
1011124824272297986
1011097088556335106
1010487580423417857
1010478760833904640
1010085884731973632
1010079258775916544
1009977206154465280
1008605731287732224
1004266130083442688
1004234109848207360
1002418117899763712
1001682793913634816
999926816902021120
999146258877923328
997356247635521536
996601502499160065
994857142963310592
994140275894173696
994118574942834688
994076985486962689
993723658924212226
993399512935759872
988998985254760448
988319083945869312
987652779761057793
987631800921960448
987169723933646848
986821826666840064
986821156651986944
986508881462362112
985684869521981440
985684326351171586
983674464482148353
983585969457610753
983580002909282304
983579916779241472
983563057216434176
982073698424205312
982045560600313856
981389024106565634
980040954278117376
979961572301787137
979958086709346304
979956564533460994
979951084004294656
979949566895140864
979934012561960960
979723371066740736
979279162136412160
978537720397021184
978449905583734784
978449401571000320
978044104645816320
977081030887616513
976464404282671106
975972720360894464
975956627533709313
975552785583239168
973865166746955776
973415956293730304
973348304766447617
972970427965497344
972346155802619904
971652246025920512
971537743242174466
970870680995512320
970547786935549953
970544589785382912
969492803976708096
969112539920347136
969037070617362432
968854870290661376
968388757455065089
967354688558395392
967313361028366336
966542604048347139
966192779272572930
965783194397155328
965497105581162496
965391809617698816
964074856407953408
963679182982180865
963317064063631360
961163898303922177
961152509996826624
960365859582742529
960344521501372417
959709403866808320
959337324885688320
958947777039417345
958945247748268033
958255220516995072
957397779436851200
957169485978284032
956884453019680768
956869931483582464
956666746076876801
956490114896506880
949173174876323840
947501084129370113
944552686644379656
944524146972622848
944503918754590720
938277638556274688
938241828221939712
936093993787469824
935781205697372160
935771296855740416
935093904143147008
934956406880342017
934377501966483456
934311132789014533
934285196886605824
934214628896227328
934209398699724800
933250317768056837
932830241050959873
931067231236063232
